53 86 13 20 78 112 1 46 56 95 110 119 17 80 12 44 99 50 33 7 77 35 113 83 81 106 71 5 125 122 29 55 52 97 49 100 2 88 37 105 120 32 102 118 84 3 76 79 104 40 89 10 72 8 6 116 43 74 69 19 114 4 94 15 107 101 11 24 68 87 96 111 21 62 108 59 65 91 23 61 123 54 121 115 109 36 57 98 41 93 42 25 90 14 27 124 64 18 22 63 82 70 103 26 31 38 16 28 60 51 66 34 47 92 85 75 67 117 30 45 48 58 39 9 73 
118 86 13 20 78 112 1 46 56 95 110 119 17 80 12 44 99 50 33 7 77 35 113 83 81 106 71 5 125 122 29 55 52 97 49 100 2 88 37 105 120 32 102 53 84 3 76 79 104 40 89 10 72 8 6 116 43 74 69 19 114 4 94 15 107 101 11 24 68 87 96 111 21 62 108 59 65 91 23 61 123 54 121 115 109 36 57 98 41 93 42 25 90 14 27 124 64 18 22 63 82 70 103 26 31 38 16 28 60 51 66 34 47 92 85 75 67 117 30 45 48 58 39 9 73 
118 86 13 20 78 112 1 46 56 95 110 119 17 80 12 44 99 50 115 7 77 35 113 83 81 106 71 5 125 122 29 55 52 97 49 100 2 88 37 105 120 32 102 53 84 3 76 79 104 40 89 10 72 8 6 116 43 74 69 19 114 4 94 15 107 101 11 24 68 87 96 111 21 62 108 59 65 91 23 61 123 54 121 33 109 36 57 98 41 93 42 25 90 14 27 124 64 18 22 63 82 70 103 26 31 38 16 28 60 51 66 34 47 92 85 75 67 117 30 45 48 58 39 9 73 
118 86 13 20 78 112 1 46 56 95 110 119 17 80 12 44 99 50 115 7 77 35 113 83 81 106 71 5 125 122 29 55 52 97 49 100 2 107 37 105 120 32 102 53 84 3 76 79 104 40 89 10 72 8 6 116 43 74 69 19 114 4 94 15 88 101 11 24 68 87 96 111 21 62 108 59 65 91 23 61 123 54 121 33 109 36 57 98 41 93 42 25 90 14 27 124 64 18 22 63 82 70 103 26 31 38 16 28 60 51 66 34 47 92 85 75 67 117 30 45 48 58 39 9 73 
118 86 13 20 78 112 1 46 56 95 110 119 17 80 12 44 99 50 115 7 77 35 113 83 81 106 71 5 125 76 29 55 52 97 49 100 2 107 37 105 120 32 102 53 84 3 122 79 104 40 89 10 72 8 6 116 43 74 69 19 114 4 94 15 88 101 11 24 68 87 96 111 21 62 108 59 65 91 23 61 123 54 121 33 109 36 57 98 41 93 42 25 90 14 27 124 64 18 22 63 82 70 103 26 31 38 16 28 60 51 66 34 47 92 85 75 67 117 30 45 48 58 39 9 73 
118 86 13 20 78 112 1 46 56 95 110 119 17 80 12 44 99 50 115 7 77 35 113 83 81 106 71 5 125 76 29 55 52 97 49 100 2 107 37 105 120 32 102 53 84 3 122 79 104 40 89 10 72 8 6 116 43 68 69 19 114 4 94 15 88 101 11 24 74 87 96 111 21 62 108 59 65 91 23 61 123 54 121 33 109 36 57 98 41 93 42 25 90 14 27 124 64 18 22 63 82 70 103 26 31 38 16 28 60 51 66 34 47 92 85 75 67 117 30 45 48 58 39 9 73 
118 86 13 20 78 112 1 46 56 95 110 119 17 80 12 44 99 50 115 7 77 35 113 83 81 106 71 5 125 76 29 55 52 97 49 100 2 107 37 105 120 32 102 53 84 3 122 79 104 40 89 10 72 8 6 116 43 68 69 19 114 4 94 15 88 101 11 24 74 87 96 111 21 62 108 59 65 91 23 61 123 54 121 33 109 36 57 117 41 93 42 25 90 14 27 124 64 18 22 63 82 70 103 26 31 38 16 28 60 51 66 34 47 92 85 75 67 98 30 45 48 58 39 9 73 
118 86 13 20 78 112 1 46 56 95 110 119 17 80 12 44 99 50 115 7 77 35 113 83 81 106 71 5 125 76 29 55 52 97 49 100 2 107 37 105 120 32 102 53 84 3 122 124 104 40 89 10 72 8 6 116 43 68 69 19 114 4 94 15 88 101 11 24 74 87 96 111 21 62 108 59 65 91 23 61 123 54 121 33 109 36 57 117 41 93 42 25 90 14 27 79 64 18 22 63 82 70 103 26 31 38 16 28 60 51 66 34 47 92 85 75 67 98 30 45 48 58 39 9 73 
118 86 13 20 78 108 1 46 56 95 110 119 17 80 12 44 99 50 115 7 77 35 113 83 81 106 71 5 125 76 29 55 52 97 49 100 2 107 37 105 120 32 102 53 84 3 122 124 104 40 89 10 72 8 6 116 43 68 69 19 114 4 94 15 88 101 11 24 74 87 96 111 21 62 112 59 65 91 23 61 123 54 121 33 109 36 57 117 41 93 42 25 90 14 27 79 64 18 22 63 82 70 103 26 31 38 16 28 60 51 66 34 47 92 85 75 67 98 30 45 48 58 39 9 73 
118 86 13 20 78 108 37 46 56 95 110 119 17 80 12 44 99 50 115 7 77 35 113 83 81 106 71 5 125 76 29 55 52 97 49 100 2 107 1 105 120 32 102 53 84 3 122 124 104 40 89 10 72 8 6 116 43 68 69 19 114 4 94 15 88 101 11 24 74 87 96 111 21 62 112 59 65 91 23 61 123 54 121 33 109 36 57 117 41 93 42 25 90 14 27 79 64 18 22 63 82 70 103 26 31 38 16 28 60 51 66 34 47 92 85 75 67 98 30 45 48 58 39 9 73 
118 86 13 20 78 108 10 46 56 95 110 119 17 80 12 44 99 50 115 7 77 35 113 83 81 106 71 5 125 76 29 55 52 97 49 100 2 107 1 105 120 32 102 53 84 3 122 124 104 40 89 37 72 8 6 116 43 68 69 19 114 4 94 15 88 101 11 24 74 87 96 111 21 62 112 59 65 91 23 61 123 54 121 33 109 36 57 117 41 93 42 25 90 14 27 79 64 18 22 63 82 70 103 26 31 38 16 28 60 51 66 34 47 92 85 75 67 98 30 45 48 58 39 9 73 
118 86 13 20 78 108 10 46 56 95 87 119 17 80 12 44 99 50 115 7 77 35 113 83 81 106 71 5 125 76 29 55 52 97 49 100 2 107 1 105 120 32 102 53 84 3 122 124 104 40 89 37 72 8 6 116 43 68 69 19 114 4 94 15 88 101 11 24 74 110 96 111 21 62 112 59 65 91 23 61 123 54 121 33 109 36 57 117 41 93 42 25 90 14 27 79 64 18 22 63 82 70 103 26 31 38 16 28 60 51 66 34 47 92 85 75 67 98 30 45 48 58 39 9 73 
118 86 13 20 78 108 10 46 56 95 87 119 17 80 12 44 99 50 115 7 77 59 113 83 81 106 71 5 125 76 29 55 52 97 49 100 2 107 1 105 120 32 102 53 84 3 122 124 104 40 89 37 72 8 6 116 43 68 69 19 114 4 94 15 88 101 11 24 74 110 96 111 21 62 112 35 65 91 23 61 123 54 121 33 109 36 57 117 41 93 42 25 90 14 27 79 64 18 22 63 82 70 103 26 31 38 16 28 60 51 66 34 47 92 85 75 67 98 30 45 48 58 39 9 73 
118 86 13 20 78 108 10 46 56 95 87 119 17 80 12 44 99 50 115 7 77 59 113 16 81 106 71 5 125 76 29 55 52 97 49 100 2 107 1 105 120 32 102 53 84 3 122 124 104 40 89 37 72 8 6 116 43 68 69 19 114 4 94 15 88 101 11 24 74 110 96 111 21 62 112 35 65 91 23 61 123 54 121 33 109 36 57 117 41 93 42 25 90 14 27 79 64 18 22 63 82 70 103 26 31 38 83 28 60 51 66 34 47 92 85 75 67 98 30 45 48 58 39 9 73 
118 86 13 20 78 108 10 46 56 95 87 119 17 80 12 44 99 50 115 7 77 59 113 16 81 63 71 5 125 76 29 55 52 97 49 100 2 107 1 105 120 32 102 53 84 3 122 124 104 40 89 37 72 8 6 116 43 68 69 19 114 4 94 15 88 101 11 24 74 110 96 111 21 62 112 35 65 91 23 61 123 54 121 33 109 36 57 117 41 93 42 25 90 14 27 79 64 18 22 106 82 70 103 26 31 38 83 28 60 51 66 34 47 92 85 75 67 98 30 45 48 58 39 9 73 
118 86 13 20 78 108 10 46 56 95 87 119 17 80 12 44 99 50 115 7 77 59 113 16 81 63 71 54 125 76 29 55 52 97 49 100 2 107 1 105 120 32 102 53 84 3 122 124 104 40 89 37 72 8 6 116 43 68 69 19 114 4 94 15 88 101 11 24 74 110 96 111 21 62 112 35 65 91 23 61 123 5 121 33 109 36 57 117 41 93 42 25 90 14 27 79 64 18 22 106 82 70 103 26 31 38 83 28 60 51 66 34 47 92 85 75 67 98 30 45 48 58 39 9 73 
118 86 13 20 78 108 10 46 56 95 87 119 17 80 12 44 99 50 115 7 77 59 113 16 81 63 71 48 125 76 29 55 52 97 49 100 2 107 1 105 120 32 102 53 84 3 122 124 104 40 89 37 72 8 6 116 43 68 69 19 114 4 94 15 88 101 11 24 74 110 96 111 21 62 112 35 65 91 23 61 123 5 121 33 109 36 57 117 41 93 42 25 90 14 27 79 64 18 22 106 82 70 103 26 31 38 83 28 60 51 66 34 47 92 85 75 67 98 30 45 54 58 39 9 73 
118 86 13 20 78 108 10 46 56 95 87 119 17 80 12 44 99 50 115 7 77 59 113 16 81 63 71 48 57 76 29 55 52 97 49 100 2 107 1 105 120 32 102 53 84 3 122 124 104 40 89 37 72 8 6 116 43 68 69 19 114 4 94 15 88 101 11 24 74 110 96 111 21 62 112 35 65 91 23 61 123 5 121 33 109 36 125 117 41 93 42 25 90 14 27 79 64 18 22 106 82 70 103 26 31 38 83 28 60 51 66 34 47 92 85 75 67 98 30 45 54 58 39 9 73 
118 86 13 20 78 108 10 46 56 95 87 119 17 80 12 44 99 50 115 7 77 59 113 16 81 63 71 48 57 76 29 55 52 97 49 100 2 107 1 105 120 32 96 53 84 3 122 124 104 40 89 37 72 8 6 116 43 68 69 19 114 4 94 15 88 101 11 24 74 110 102 111 21 62 112 35 65 91 23 61 123 5 121 33 109 36 125 117 41 93 42 25 90 14 27 79 64 18 22 106 82 70 103 26 31 38 83 28 60 51 66 34 47 92 85 75 67 98 30 45 54 58 39 9 73 
118 86 13 20 78 108 10 46 56 95 87 119 17 80 12 44 99 7 115 50 77 59 113 16 81 63 71 48 57 76 29 55 52 97 49 100 2 107 1 105 120 32 96 53 84 3 122 124 104 40 89 37 72 8 6 116 43 68 69 19 114 4 94 15 88 101 11 24 74 110 102 111 21 62 112 35 65 91 23 61 123 5 121 33 109 36 125 117 41 93 42 25 90 14 27 79 64 18 22 106 82 70 103 26 31 38 83 28 60 51 66 34 47 92 85 75 67 98 30 45 54 58 39 9 73 
118 86 13 20 78 108 10 46 56 95 87 119 17 80 12 44 99 7 115 50 77 59 113 16 81 63 71 48 57 76 29 55 52 97 49 100 2 107 1 105 120 32 96 53 6 3 122 124 104 40 89 37 72 8 84 116 43 68 69 19 114 4 94 15 88 101 11 24 74 110 102 111 21 62 112 35 65 91 23 61 123 5 121 33 109 36 125 117 41 93 42 25 90 14 27 79 64 18 22 106 82 70 103 26 31 38 83 28 60 51 66 34 47 92 85 75 67 98 30 45 54 58 39 9 73 
118 86 13 20 78 108 10 46 56 95 87 119 17 80 12 44 99 7 115 50 77 59 113 16 81 63 71 48 57 76 29 55 52 97 49 100 2 107 1 105 120 32 96 53 6 3 122 124 26 40 89 37 72 8 84 116 43 68 69 19 114 4 94 15 88 101 11 24 74 110 102 111 21 62 112 35 65 91 23 61 123 5 121 33 109 36 125 117 41 93 42 25 90 14 27 79 64 18 22 106 82 70 103 104 31 38 83 28 60 51 66 34 47 92 85 75 67 98 30 45 54 58 39 9 73 
118 86 13 20 78 108 10 46 56 95 87 119 17 80 12 44 99 7 115 50 77 59 113 110 81 63 71 48 57 76 29 55 52 97 49 100 2 107 1 105 120 32 96 53 6 3 122 124 26 40 89 37 72 8 84 116 43 68 69 19 114 4 94 15 88 101 11 24 74 16 102 111 21 62 112 35 65 91 23 61 123 5 121 33 109 36 125 117 41 93 42 25 90 14 27 79 64 18 22 106 82 70 103 104 31 38 83 28 60 51 66 34 47 92 85 75 67 98 30 45 54 58 39 9 73 
118 86 13 20 78 108 10 46 56 95 87 119 17 80 12 44 99 7 115 50 77 59 113 110 81 63 71 48 57 76 29 55 52 97 49 100 2 107 1 105 120 32 96 53 6 3 122 124 26 40 89 62 72 8 84 116 43 68 69 19 114 4 94 15 88 101 11 24 74 16 102 111 21 37 112 35 65 91 23 61 123 5 121 33 109 36 125 117 41 93 42 25 90 14 27 79 64 18 22 106 82 70 103 104 31 38 83 28 60 51 66 34 47 92 85 75 67 98 30 45 54 58 39 9 73 
118 86 13 20 78 108 10 46 56 95 87 119 17 80 12 44 99 7 115 50 77 59 113 110 81 63 71 48 57 76 29 55 52 97 49 100 2 107 1 105 120 32 96 53 6 3 122 124 65 40 89 62 72 8 84 116 43 68 69 19 114 4 94 15 88 101 11 24 74 16 102 111 21 37 112 35 26 91 23 61 123 5 121 33 109 36 125 117 41 93 42 25 90 14 27 79 64 18 22 106 82 70 103 104 31 38 83 28 60 51 66 34 47 92 85 75 67 98 30 45 54 58 39 9 73 
118 86 13 20 78 108 10 46 56 95 87 119 17 80 12 44 99 7 115 50 77 59 113 110 81 63 71 48 57 76 29 55 52 97 49 100 2 107 1 105 120 32 96 53 6 3 122 124 34 40 89 62 72 8 84 116 43 68 69 19 114 4 94 15 88 101 11 24 74 16 102 111 21 37 112 35 26 91 23 61 123 5 121 33 109 36 125 117 41 93 42 25 90 14 27 79 64 18 22 106 82 70 103 104 31 38 83 28 60 51 66 65 47 92 85 75 67 98 30 45 54 58 39 9 73 
118 86 13 20 78 108 10 46 56 95 87 119 17 80 12 44 99 7 115 50 77 59 113 110 81 63 71 48 57 76 29 55 52 97 49 100 2 107 1 105 120 40 96 53 6 3 122 124 34 32 89 62 72 8 84 116 43 68 69 19 114 4 94 15 88 101 11 24 74 16 102 111 21 37 112 35 26 91 23 61 123 5 121 33 109 36 125 117 41 93 42 25 90 14 27 79 64 18 22 106 82 70 103 104 31 38 83 28 60 51 66 65 47 92 85 75 67 98 30 45 54 58 39 9 73 
118 86 13 20 78 108 10 46 56 95 87 119 17 80 12 44 99 7 115 50 77 59 113 110 81 63 71 48 57 76 29 55 52 97 49 100 2 107 1 105 120 40 96 53 6 3 122 124 34 32 89 62 72 8 84 116 43 68 69 19 114 4 94 15 88 101 11 24 74 16 102 111 21 37 92 35 26 91 23 61 123 5 121 33 109 36 125 117 41 93 42 25 90 14 27 79 64 18 22 106 82 70 103 104 31 38 83 28 60 51 66 65 47 112 85 75 67 98 30 45 54 58 39 9 73 
118 86 13 20 78 108 10 46 56 95 87 119 17 80 12 44 99 7 115 50 77 59 113 110 81 63 71 48 57 76 29 55 52 97 49 100 2 107 1 105 120 40 96 53 6 3 122 124 34 32 89 62 72 8 84 116 43 68 69 19 114 4 94 15 88 101 11 24 74 16 102 111 21 106 92 35 26 91 23 61 123 5 121 33 109 36 125 117 41 93 42 25 90 14 27 79 64 18 22 37 82 70 103 104 31 38 83 28 60 51 66 65 47 112 85 75 67 98 30 45 54 58 39 9 73 
118 86 13 20 78 108 10 46 56 95 87 119 17 80 12 44 99 7 115 50 77 59 18 110 81 63 71 48 57 76 29 55 52 97 49 100 2 107 1 105 120 40 96 53 6 3 122 124 34 32 89 62 72 8 84 116 43 68 69 19 114 4 94 15 88 101 11 24 74 16 102 111 21 106 92 35 26 91 23 61 123 5 121 33 109 36 125 117 41 93 42 25 90 14 27 79 64 113 22 37 82 70 103 104 31 38 83 28 60 51 66 65 47 112 85 75 67 98 30 45 54 58 39 9 73 
118 86 13 20 78 108 10 46 56 95 87 119 17 80 12 44 99 7 115 50 77 59 18 110 81 63 71 48 57 76 29 55 52 97 49 100 2 107 1 105 120 40 96 53 6 3 122 124 34 32 89 62 72 8 84 116 43 68 69 19 114 4 94 15 88 101 11 24 74 16 102 111 21 106 92 35 26 85 23 61 123 5 121 33 109 36 125 117 41 93 42 25 90 14 27 79 64 113 22 37 82 70 103 104 31 38 83 28 60 51 66 65 47 112 91 75 67 98 30 45 54 58 39 9 73 
118 86 13 20 78 108 10 46 56 95 87 119 17 80 12 44 99 7 115 50 77 59 18 110 81 63 71 48 57 76 29 55 52 97 49 100 2 107 1 105 120 40 96 53 6 3 122 124 34 32 89 62 72 8 84 116 43 68 69 19 114 4 94 15 88 101 11 24 74 16 102 111 21 106 92 35 26 85 23 61 123 5 121 33 109 36 125 117 41 93 42 25 90 14 27 79 64 113 22 37 82 70 103 104 31 38 83 28 60 51 66 65 47 112 91 75 67 98 30 45 54 58 39 9 73 
118 86 13 20 78 108 10 46 56 95 87 119 17 80 12 44 99 7 115 50 77 59 18 110 81 63 71 48 57 76 29 55 52 97 49 100 2 107 1 105 120 40 96 53 6 3 122 124 34 32 89 62 72 8 84 116 43 68 69 19 114 4 94 15 88 101 11 24 74 16 102 111 21 106 92 35 26 85 23 61 123 5 121 33 109 36 125 117 41 93 42 25 90 14 27 79 64 113 22 37 82 70 103 104 31 38 83 28 60 51 66 65 47 112 91 75 67 98 30 45 54 58 39 9 73 
73 8 54 64 104 58 2 92 34 31 28 63 99 102 67 70 30 56 90 51 74 96 86 116 6 37 22 47 66 39 111 18 42 46 93 97 43 9 109 110 10 59 11 105 61 50 75 27 23 29 94 7 84 103 123 36 65 77 5 68 26 106 60 100 13 62 87 85 35 57 125 121 12 55 91 78 53 101 76 24 122 89 83 117 38 118 124 25 114 95 52 82 49 98 115 69 80 1 33 21 107 88 48 32 81 119 41 120 14 20 71 112 3 108 17 72 113 40 4 45 44 79 19 16 15 
85 8 54 64 104 58 2 92 34 31 28 63 99 102 67 70 30 56 90 51 74 96 86 116 6 37 22 47 66 39 111 18 42 46 93 97 43 9 109 110 10 59 11 105 61 50 75 27 23 29 94 7 84 103 123 36 65 77 5 68 26 106 60 100 13 62 87 73 35 57 125 121 12 55 91 78 53 101 76 24 122 89 83 117 38 118 124 25 114 95 52 82 49 98 115 69 80 1 33 21 107 88 48 32 81 119 41 120 14 20 71 112 3 108 17 72 113 40 4 45 44 79 19 16 15 
85 8 54 64 104 58 2 92 34 87 28 63 99 102 67 70 30 56 90 51 74 96 86 116 6 37 22 47 66 39 111 18 42 46 93 97 43 9 109 110 10 59 11 105 61 50 75 27 23 29 94 7 84 103 123 36 65 77 5 68 26 106 60 100 13 62 31 73 35 57 125 121 12 55 91 78 53 101 76 24 122 89 83 117 38 118 124 25 114 95 52 82 49 98 115 69 80 1 33 21 107 88 48 32 81 119 41 120 14 20 71 112 3 108 17 72 113 40 4 45 44 79 19 16 15 
85 8 54 64 104 58 2 92 34 87 28 63 99 102 67 70 30 56 90 51 74 96 86 116 6 37 22 47 66 39 111 18 42 46 93 97 43 9 109 110 10 59 11 105 61 50 75 27 23 29 94 7 84 103 123 36 65 77 5 68 26 106 60 100 13 62 31 73 35 57 125 121 12 55 91 78 53 101 76 24 122 89 83 117 38 118 124 81 114 95 52 82 49 98 115 69 80 1 33 21 107 88 48 32 25 119 41 120 14 20 71 112 3 108 17 72 113 40 4 45 44 79 19 16 15 
85 8 54 64 104 58 2 92 34 87 28 63 99 102 67 70 30 56 90 51 74 96 86 116 6 89 22 47 66 39 111 18 42 46 93 97 43 9 109 110 10 59 11 105 61 50 75 27 23 29 94 7 84 103 123 36 65 77 5 68 26 106 60 100 13 62 31 73 35 57 125 121 12 55 91 78 53 101 76 24 122 37 83 117 38 118 124 81 114 95 52 82 49 98 115 69 80 1 33 21 107 88 48 32 25 119 41 120 14 20 71 112 3 108 17 72 113 40 4 45 44 79 19 16 15 
85 124 54 64 104 58 2 92 34 87 28 63 99 102 67 70 30 56 90 51 74 96 86 116 6 89 22 47 66 39 111 18 42 46 93 97 43 9 109 110 10 59 11 105 61 50 75 27 23 29 94 7 84 103 123 36 65 77 5 68 26 106 60 100 13 62 31 73 35 57 125 121 12 55 91 78 53 101 76 24 122 37 83 117 38 118 8 81 114 95 52 82 49 98 115 69 80 1 33 21 107 88 48 32 25 119 41 120 14 20 71 112 3 108 17 72 113 40 4 45 44 79 19 16 15 
85 124 35 64 104 58 2 92 34 87 28 63 99 102 67 70 30 56 90 51 74 96 86 116 6 89 22 47 66 39 111 18 42 46 93 97 43 9 109 110 10 59 11 105 61 50 75 27 23 29 94 7 84 103 123 36 65 77 5 68 26 106 60 100 13 62 31 73 54 57 125 121 12 55 91 78 53 101 76 24 122 37 83 117 38 118 8 81 114 95 52 82 49 98 115 69 80 1 33 21 107 88 48 32 25 119 41 120 14 20 71 112 3 108 17 72 113 40 4 45 44 79 19 16 15 
85 124 35 55 104 58 2 92 34 87 28 63 99 102 67 70 30 56 90 51 74 96 86 116 6 89 22 47 66 39 111 18 42 46 93 97 43 9 109 110 10 59 11 105 61 50 75 27 23 29 94 7 84 103 123 36 65 77 5 68 26 106 60 100 13 62 31 73 54 57 125 121 12 64 91 78 53 101 76 24 122 37 83 117 38 118 8 81 114 95 52 82 49 98 115 69 80 1 33 21 107 88 48 32 25 119 41 120 14 20 71 112 3 108 17 72 113 40 4 45 44 79 19 16 15 
85 124 35 55 104 58 2 92 34 87 28 63 99 102 67 70 30 56 90 51 74 96 23 116 6 89 22 47 66 39 111 18 42 46 93 97 43 9 109 110 10 59 11 105 61 50 75 27 86 29 94 7 84 103 123 36 65 77 5 68 26 106 60 100 13 62 31 73 54 57 125 121 12 64 91 78 53 101 76 24 122 37 83 117 38 118 8 81 114 95 52 82 49 98 115 69 80 1 33 21 107 88 48 32 25 119 41 120 14 20 71 112 3 108 17 72 113 40 4 45 44 79 19 16 15 
85 124 35 55 104 58 2 102 34 87 28 63 99 92 67 70 30 56 90 51 74 96 23 116 6 89 22 47 66 39 111 18 42 46 93 97 43 9 109 110 10 59 11 105 61 50 75 27 86 29 94 7 84 103 123 36 65 77 5 68 26 106 60 100 13 62 31 73 54 57 125 121 12 64 91 78 53 101 76 24 122 37 83 117 38 118 8 81 114 95 52 82 49 98 115 69 80 1 33 21 107 88 48 32 25 119 41 120 14 20 71 112 3 108 17 72 113 40 4 45 44 79 19 16 15 
85 124 35 55 104 58 2 102 66 87 28 63 99 92 67 70 30 56 90 51 74 96 23 116 6 89 22 47 34 39 111 18 42 46 93 97 43 9 109 110 10 59 11 105 61 50 75 27 86 29 94 7 84 103 123 36 65 77 5 68 26 106 60 100 13 62 31 73 54 57 125 121 12 64 91 78 53 101 76 24 122 37 83 117 38 118 8 81 114 95 52 82 49 98 115 69 80 1 33 21 107 88 48 32 25 119 41 120 14 20 71 112 3 108 17 72 113 40 4 45 44 79 19 16 15 
85 124 35 55 104 58 2 102 66 87 28 63 99 103 67 70 30 56 90 51 74 96 23 116 6 89 22 47 34 39 111 18 42 46 93 97 43 9 109 110 10 59 11 105 61 50 75 27 86 29 94 7 84 92 123 36 65 77 5 68 26 106 60 100 13 62 31 73 54 57 125 121 12 64 91 78 53 101 76 24 122 37 83 117 38 118 8 81 114 95 52 82 49 98 115 69 80 1 33 21 107 88 48 32 25 119 41 120 14 20 71 112 3 108 17 72 113 40 4 45 44 79 19 16 15 
85 124 35 55 104 58 2 102 66 87 28 63 99 88 67 70 30 56 90 51 74 96 23 116 6 89 22 47 34 39 111 18 42 46 93 97 43 9 109 110 10 59 11 105 61 50 75 27 86 29 94 7 84 92 123 36 65 77 5 68 26 106 60 100 13 62 31 73 54 57 125 121 12 64 91 78 53 101 76 24 122 37 83 117 38 118 8 81 114 95 52 82 49 98 115 69 80 1 33 21 107 103 48 32 25 119 41 120 14 20 71 112 3 108 17 72 113 40 4 45 44 79 19 16 15 
85 124 35 55 104 58 2 102 66 87 28 63 99 3 67 70 30 56 90 51 74 96 23 116 6 89 22 47 34 39 111 18 42 46 93 97 43 9 109 110 10 59 11 105 61 50 75 27 86 29 94 7 84 92 123 36 65 77 5 68 26 106 60 100 13 62 31 73 54 57 125 121 12 64 91 78 53 101 76 24 122 37 83 117 38 118 8 81 114 95 52 82 49 98 115 69 80 1 33 21 107 103 48 32 25 119 41 120 14 20 71 112 88 108 17 72 113 40 4 45 44 79 19 16 15 
85 124 35 55 104 58 2 102 66 87 28 63 99 50 67 70 30 56 90 51 74 96 23 116 6 89 22 47 34 39 111 18 42 46 93 97 43 9 109 110 10 59 11 105 61 3 75 27 86 29 94 7 84 92 123 36 65 77 5 68 26 106 60 100 13 62 31 73 54 57 125 121 12 64 91 78 53 101 76 24 122 37 83 117 38 118 8 81 114 95 52 82 49 98 115 69 80 1 33 21 107 103 48 32 25 119 41 120 14 20 71 112 88 108 17 72 113 40 4 45 44 79 19 16 15 
85 124 35 55 104 58 2 102 66 87 28 63 99 65 67 70 30 56 90 51 74 96 23 116 6 89 22 47 34 39 111 18 42 46 93 97 43 9 109 110 10 59 11 105 61 3 75 27 86 29 94 7 84 92 123 36 50 77 5 68 26 106 60 100 13 62 31 73 54 57 125 121 12 64 91 78 53 101 76 24 122 37 83 117 38 118 8 81 114 95 52 82 49 98 115 69 80 1 33 21 107 103 48 32 25 119 41 120 14 20 71 112 88 108 17 72 113 40 4 45 44 79 19 16 15 
85 124 35 55 104 58 2 102 66 87 28 63 99 65 67 70 30 56 13 51 74 96 23 116 6 89 22 47 34 39 111 18 42 46 93 97 43 9 109 110 10 59 11 105 61 3 75 27 86 29 94 7 84 92 123 36 50 77 5 68 26 106 60 100 90 62 31 73 54 57 125 121 12 64 91 78 53 101 76 24 122 37 83 117 38 118 8 81 114 95 52 82 49 98 115 69 80 1 33 21 107 103 48 32 25 119 41 120 14 20 71 112 88 108 17 72 113 40 4 45 44 79 19 16 15 
85 124 35 55 104 58 2 102 66 87 28 63 99 65 67 70 30 56 13 51 74 96 23 116 6 94 22 47 34 39 111 18 42 46 93 97 43 9 109 110 10 59 11 105 61 3 75 27 86 29 89 7 84 92 123 36 50 77 5 68 26 106 60 100 90 62 31 73 54 57 125 121 12 64 91 78 53 101 76 24 122 37 83 117 38 118 8 81 114 95 52 82 49 98 115 69 80 1 33 21 107 103 48 32 25 119 41 120 14 20 71 112 88 108 17 72 113 40 4 45 44 79 19 16 15 
85 124 35 55 104 58 2 102 66 87 28 63 99 65 67 70 30 56 13 51 74 96 23 116 6 94 45 47 34 39 111 18 42 46 93 97 43 9 109 110 10 59 11 105 61 3 75 27 86 29 89 7 84 92 123 36 50 77 5 68 26 106 60 100 90 62 31 73 54 57 125 121 12 64 91 78 53 101 76 24 122 37 83 117 38 118 8 81 114 95 52 82 49 98 115 69 80 1 33 21 107 103 48 32 25 119 41 120 14 20 71 112 88 108 17 72 113 40 4 22 44 79 19 16 15 
85 124 35 55 104 58 2 102 66 87 28 63 99 65 67 70 30 56 13 51 74 96 23 116 6 94 45 47 34 39 111 18 42 46 93 97 43 9 109 110 10 59 11 105 61 3 75 27 86 29 89 7 84 92 123 53 50 77 5 68 26 106 60 100 90 62 31 73 54 57 125 121 12 64 91 78 36 101 76 24 122 37 83 117 38 118 8 81 114 95 52 82 49 98 115 69 80 1 33 21 107 103 48 32 25 119 41 120 14 20 71 112 88 108 17 72 113 40 4 22 44 79 19 16 15 
85 124 35 55 104 58 2 102 66 87 28 63 99 65 67 70 30 56 13 51 74 96 23 116 6 94 45 47 90 39 111 18 42 46 93 97 43 9 109 110 10 59 11 105 61 3 75 27 86 29 89 7 84 92 123 53 50 77 5 68 26 106 60 100 34 62 31 73 54 57 125 121 12 64 91 78 36 101 76 24 122 37 83 117 38 118 8 81 114 95 52 82 49 98 115 69 80 1 33 21 107 103 48 32 25 119 41 120 14 20 71 112 88 108 17 72 113 40 4 22 44 79 19 16 15 
85 124 35 55 104 58 2 102 66 87 28 63 99 65 67 70 30 56 13 51 74 96 23 116 6 94 45 47 90 39 111 93 42 46 18 97 43 9 109 110 10 59 11 105 61 3 75 27 86 29 89 7 84 92 123 53 50 77 5 68 26 106 60 100 34 62 31 73 54 57 125 121 12 64 91 78 36 101 76 24 122 37 83 117 38 118 8 81 114 95 52 82 49 98 115 69 80 1 33 21 107 103 48 32 25 119 41 120 14 20 71 112 88 108 17 72 113 40 4 22 44 79 19 16 15 
85 124 35 55 104 58 2 102 66 87 28 63 99 65 67 70 30 56 13 51 74 96 23 116 6 94 45 47 90 39 111 43 42 46 18 97 93 9 109 110 10 59 11 105 61 3 75 27 86 29 89 7 84 92 123 53 50 77 5 68 26 106 60 100 34 62 31 73 54 57 125 121 12 64 91 78 36 101 76 24 122 37 83 117 38 118 8 81 114 95 52 82 49 98 115 69 80 1 33 21 107 103 48 32 25 119 41 120 14 20 71 112 88 108 17 72 113 40 4 22 44 79 19 16 15 
85 124 35 55 104 58 2 102 66 87 28 63 99 65 67 70 30 56 13 51 74 96 23 116 6 94 45 47 90 39 111 43 41 46 18 97 93 9 109 110 10 59 11 105 61 3 75 27 86 29 89 7 84 92 123 53 50 77 5 68 26 106 60 100 34 62 31 73 54 57 125 121 12 64 91 78 36 101 76 24 122 37 83 117 38 118 8 81 114 95 52 82 49 98 115 69 80 1 33 21 107 103 48 32 25 119 42 120 14 20 71 112 88 108 17 72 113 40 4 22 44 79 19 16 15 
85 124 35 55 104 58 2 102 66 87 28 63 99 65 67 70 30 56 13 51 74 96 23 116 6 94 45 47 90 39 111 43 41 46 18 97 93 89 109 110 10 59 11 105 61 3 75 27 86 29 9 7 84 92 123 53 50 77 5 68 26 106 60 100 34 62 31 73 54 57 125 121 12 64 91 78 36 101 76 24 122 37 83 117 38 118 8 81 114 95 52 82 49 98 115 69 80 1 33 21 107 103 48 32 25 119 42 120 14 20 71 112 88 108 17 72 113 40 4 22 44 79 19 16 15 
85 124 35 55 104 58 2 102 66 87 28 63 99 65 67 70 30 56 13 51 74 96 23 116 6 94 45 47 90 39 111 43 41 46 18 97 93 89 109 110 10 59 80 105 61 3 75 27 86 29 9 7 84 92 123 53 50 77 5 68 26 106 60 100 34 62 31 73 54 57 125 121 12 64 91 78 36 101 76 24 122 37 83 117 38 118 8 81 114 95 52 82 49 98 115 69 11 1 33 21 107 103 48 32 25 119 42 120 14 20 71 112 88 108 17 72 113 40 4 22 44 79 19 16 15 
85 124 35 55 104 58 2 102 66 87 28 63 99 65 67 70 30 56 13 51 74 96 23 116 6 94 45 47 90 39 111 43 72 46 18 97 93 89 109 110 10 59 80 105 61 3 75 27 86 29 9 7 84 92 123 53 50 77 5 68 26 106 60 100 34 62 31 73 54 57 125 121 12 64 91 78 36 101 76 24 122 37 83 117 38 118 8 81 114 95 52 82 49 98 115 69 11 1 33 21 107 103 48 32 25 119 42 120 14 20 71 112 88 108 17 41 113 40 4 22 44 79 19 16 15 
85 124 35 55 104 58 2 102 66 87 28 63 99 65 67 70 30 56 13 51 74 96 23 116 6 94 45 47 90 39 111 43 72 46 18 97 93 89 109 110 10 59 80 105 61 3 75 27 86 15 9 7 84 92 123 53 50 77 5 68 26 106 60 100 34 62 31 73 54 57 125 121 12 64 91 78 36 101 76 24 122 37 83 117 38 118 8 81 114 95 52 82 49 98 115 69 11 1 33 21 107 103 48 32 25 119 42 120 14 20 71 112 88 108 17 41 113 40 4 22 44 79 19 16 29 
85 124 35 55 104 58 2 102 66 87 28 63 99 65 67 70 30 56 13 51 74 96 23 116 6 94 45 47 90 39 111 43 72 46 18 97 93 89 109 110 10 59 80 105 61 3 75 27 86 26 9 7 84 92 123 53 50 77 5 68 15 106 60 100 34 62 31 73 54 57 125 121 12 64 91 78 36 101 76 24 122 37 83 117 38 118 8 81 114 95 52 82 49 98 115 69 11 1 33 21 107 103 48 32 25 119 42 120 14 20 71 112 88 108 17 41 113 40 4 22 44 79 19 16 29 
85 124 35 55 104 58 2 102 66 87 28 63 99 65 67 70 30 56 13 51 74 96 23 116 6 94 45 47 90 39 111 43 72 46 79 97 93 89 109 110 10 59 80 105 61 3 75 27 86 26 9 7 84 92 123 53 50 77 5 68 15 106 60 100 34 62 31 73 54 57 125 121 12 64 91 78 36 101 76 24 122 37 83 117 38 118 8 81 114 95 52 82 49 98 115 69 11 1 33 21 107 103 48 32 25 119 42 120 14 20 71 112 88 108 17 41 113 40 4 22 44 18 19 16 29 
85 124 35 55 104 58 2 102 66 87 28 63 99 65 67 70 30 56 13 51 74 96 23 116 6 94 45 47 90 39 111 43 72 46 79 97 93 89 109 110 10 59 80 105 61 3 75 27 86 26 9 7 84 92 123 115 50 77 5 68 15 106 60 100 34 62 31 73 54 57 125 121 12 64 91 78 36 101 76 24 122 37 83 117 38 118 8 81 114 95 52 82 49 98 53 69 11 1 33 21 107 103 48 32 25 119 42 120 14 20 71 112 88 108 17 41 113 40 4 22 44 18 19 16 29 
85 124 35 55 104 58 2 102 66 87 28 63 99 65 67 70 30 56 13 51 74 96 23 116 6 94 45 47 90 39 111 43 72 46 79 97 93 89 109 110 10 59 80 105 61 3 75 27 86 26 9 7 84 92 123 115 50 77 5 68 15 106 60 100 34 62 31 73 54 95 125 121 12 64 91 78 36 101 76 24 122 37 83 117 38 118 8 81 114 57 52 82 49 98 53 69 11 1 33 21 107 103 48 32 25 119 42 120 14 20 71 112 88 108 17 41 113 40 4 22 44 18 19 16 29 
85 124 35 55 104 58 2 102 66 87 28 63 99 65 67 70 30 56 13 51 74 96 23 116 6 94 45 47 90 39 111 43 72 46 79 97 93 89 109 110 10 59 80 105 61 3 75 27 86 26 9 7 84 92 123 115 50 77 5 68 15 106 60 100 34 62 31 73 54 95 125 121 18 64 91 78 36 101 76 24 122 37 83 117 38 118 8 81 114 57 52 82 49 98 53 69 11 1 33 21 107 103 48 32 25 119 42 120 14 20 71 112 88 108 17 41 113 40 4 22 44 12 19 16 29 
85 124 35 55 104 58 2 102 66 87 28 63 99 65 67 70 30 56 13 51 74 96 23 116 6 94 45 47 90 39 111 43 72 46 79 97 93 89 109 110 10 59 80 105 61 3 75 27 86 26 9 7 84 92 123 115 50 77 5 68 15 106 60 100 34 62 31 73 54 95 125 121 18 64 91 78 36 101 76 24 122 37 1 117 38 118 8 81 114 57 52 82 49 98 53 69 11 83 33 21 107 103 48 32 25 119 42 120 14 20 71 112 88 108 17 41 113 40 4 22 44 12 19 16 29 
85 124 35 55 104 58 2 102 66 87 28 63 99 65 67 70 30 56 13 51 74 96 23 116 6 94 45 47 90 39 111 43 72 46 79 97 93 89 109 110 10 59 80 105 61 3 75 27 86 26 9 7 84 92 123 115 50 77 5 68 15 106 60 100 34 62 31 73 54 95 125 121 18 64 91 78 36 101 76 24 122 37 1 117 38 118 8 81 114 57 52 82 49 98 53 69 11 83 33 21 107 103 48 32 25 119 42 120 14 20 71 112 88 108 17 4 113 40 41 22 44 12 19 16 29 
85 124 35 55 104 58 2 102 66 87 28 63 99 65 67 70 30 56 13 51 74 96 23 116 6 94 45 47 90 39 111 43 72 46 79 97 93 89 109 110 10 59 80 105 61 3 75 27 86 26 9 7 84 92 123 115 50 77 5 68 15 106 60 100 34 62 31 73 54 95 125 121 18 64 91 78 36 101 76 24 122 37 1 117 38 118 8 81 114 57 52 82 49 98 53 69 11 83 33 21 107 103 48 32 25 119 42 120 14 20 71 112 88 108 17 4 113 40 41 22 44 12 19 16 29 
85 124 35 55 104 58 2 102 66 87 28 63 99 65 67 70 30 56 13 51 74 96 23 116 6 94 45 47 90 39 111 43 72 46 79 97 93 89 109 110 10 59 80 105 61 3 75 27 86 26 9 7 84 92 123 115 50 77 5 68 15 106 60 100 34 62 31 73 54 95 125 121 18 64 91 78 36 101 76 24 122 37 1 117 38 118 8 81 114 57 52 82 49 98 53 69 11 83 33 21 107 103 48 32 25 119 42 120 14 20 71 112 88 108 17 4 113 40 41 22 44 12 19 16 29 
