53 86 13 20 78 112 1 46 56 95 110 119 17 80 12 44 99 50 33 7 77 35 113 83 81 106 71 5 125 122 29 55 52 97 49 100 2 88 37 105 120 32 102 118 84 3 76 79 104 40 89 10 72 8 6 116 43 74 69 19 114 4 94 15 107 101 11 24 68 87 96 111 21 62 108 59 65 91 23 61 123 54 121 115 109 36 57 98 41 93 42 25 90 14 27 124 64 18 22 63 82 70 103 26 31 38 16 28 60 51 66 34 47 92 85 75 67 117 30 45 48 58 39 9 73 
118 86 13 20 78 112 1 46 56 95 110 119 17 80 12 44 99 50 33 7 77 35 113 83 81 106 71 5 125 122 29 55 52 97 49 100 2 88 37 105 120 32 102 53 84 3 76 79 104 40 89 10 72 8 6 116 43 74 69 19 114 4 94 15 107 101 11 24 68 87 96 111 21 62 108 59 65 91 23 61 123 54 121 115 109 36 57 98 41 93 42 25 90 14 27 124 64 18 22 63 82 70 103 26 31 38 16 28 60 51 66 34 47 92 85 75 67 117 30 45 48 58 39 9 73 
118 86 13 20 78 112 1 46 56 95 110 119 17 80 12 44 99 50 115 7 77 35 113 83 81 106 71 5 125 122 29 55 52 97 49 100 2 88 37 105 120 32 102 53 84 3 76 79 104 40 89 10 72 8 6 116 43 74 69 19 114 4 94 15 107 101 11 24 68 87 96 111 21 62 108 59 65 91 23 61 123 54 121 33 109 36 57 98 41 93 42 25 90 14 27 124 64 18 22 63 82 70 103 26 31 38 16 28 60 51 66 34 47 92 85 75 67 117 30 45 48 58 39 9 73 
118 86 13 20 78 112 1 46 56 95 110 119 17 80 12 44 99 50 115 7 77 35 113 83 81 106 71 5 125 122 29 55 52 97 49 100 2 107 37 105 120 32 102 53 84 3 76 79 104 40 89 10 72 8 6 116 43 74 69 19 114 4 94 15 88 101 11 24 68 87 96 111 21 62 108 59 65 91 23 61 123 54 121 33 109 36 57 98 41 93 42 25 90 14 27 124 64 18 22 63 82 70 103 26 31 38 16 28 60 51 66 34 47 92 85 75 67 117 30 45 48 58 39 9 73 
118 86 13 20 78 112 1 46 56 95 110 119 17 80 12 44 99 50 115 7 77 35 113 83 81 106 71 5 125 76 29 55 52 97 49 100 2 107 37 105 120 32 102 53 84 3 122 79 104 40 89 10 72 8 6 116 43 74 69 19 114 4 94 15 88 101 11 24 68 87 96 111 21 62 108 59 65 91 23 61 123 54 121 33 109 36 57 98 41 93 42 25 90 14 27 124 64 18 22 63 82 70 103 26 31 38 16 28 60 51 66 34 47 92 85 75 67 117 30 45 48 58 39 9 73 
118 86 13 20 78 112 1 46 56 95 110 119 17 80 12 44 99 50 115 7 77 35 113 83 81 106 71 5 125 76 29 55 52 97 49 100 2 107 37 105 120 32 102 53 84 3 122 79 104 40 89 10 72 8 6 116 43 68 69 19 114 4 94 15 88 101 11 24 74 87 96 111 21 62 108 59 65 91 23 61 123 54 121 33 109 36 57 98 41 93 42 25 90 14 27 124 64 18 22 63 82 70 103 26 31 38 16 28 60 51 66 34 47 92 85 75 67 117 30 45 48 58 39 9 73 
118 86 13 20 78 112 1 46 56 95 110 119 17 80 12 44 99 50 115 7 77 35 113 83 81 106 71 5 125 76 29 55 52 97 49 100 2 107 37 105 120 32 102 53 84 3 122 79 104 40 89 10 72 8 6 116 43 68 69 19 114 4 94 15 88 101 11 24 74 87 96 111 21 62 108 59 65 91 23 61 123 54 121 33 109 36 57 117 41 93 42 25 90 14 27 124 64 18 22 63 82 70 103 26 31 38 16 28 60 51 66 34 47 92 85 75 67 98 30 45 48 58 39 9 73 
118 86 13 20 78 112 1 46 56 95 110 119 17 80 12 44 99 50 115 7 77 35 113 83 81 106 71 5 125 76 29 55 52 97 49 100 2 107 37 105 120 32 102 53 84 3 122 124 104 40 89 10 72 8 6 116 43 68 69 19 114 4 94 15 88 101 11 24 74 87 96 111 21 62 108 59 65 91 23 61 123 54 121 33 109 36 57 117 41 93 42 25 90 14 27 79 64 18 22 63 82 70 103 26 31 38 16 28 60 51 66 34 47 92 85 75 67 98 30 45 48 58 39 9 73 
118 86 13 20 78 108 1 46 56 95 110 119 17 80 12 44 99 50 115 7 77 35 113 83 81 106 71 5 125 76 29 55 52 97 49 100 2 107 37 105 120 32 102 53 84 3 122 124 104 40 89 10 72 8 6 116 43 68 69 19 114 4 94 15 88 101 11 24 74 87 96 111 21 62 112 59 65 91 23 61 123 54 121 33 109 36 57 117 41 93 42 25 90 14 27 79 64 18 22 63 82 70 103 26 31 38 16 28 60 51 66 34 47 92 85 75 67 98 30 45 48 58 39 9 73 
118 86 13 20 78 108 37 46 56 95 110 119 17 80 12 44 99 50 115 7 77 35 113 83 81 106 71 5 125 76 29 55 52 97 49 100 2 107 1 105 120 32 102 53 84 3 122 124 104 40 89 10 72 8 6 116 43 68 69 19 114 4 94 15 88 101 11 24 74 87 96 111 21 62 112 59 65 91 23 61 123 54 121 33 109 36 57 117 41 93 42 25 90 14 27 79 64 18 22 63 82 70 103 26 31 38 16 28 60 51 66 34 47 92 85 75 67 98 30 45 48 58 39 9 73 
118 86 13 20 78 108 10 46 56 95 110 119 17 80 12 44 99 50 115 7 77 35 113 83 81 106 71 5 125 76 29 55 52 97 49 100 2 107 1 105 120 32 102 53 84 3 122 124 104 40 89 37 72 8 6 116 43 68 69 19 114 4 94 15 88 101 11 24 74 87 96 111 21 62 112 59 65 91 23 61 123 54 121 33 109 36 57 117 41 93 42 25 90 14 27 79 64 18 22 63 82 70 103 26 31 38 16 28 60 51 66 34 47 92 85 75 67 98 30 45 48 58 39 9 73 
118 86 13 20 78 108 10 46 56 95 87 119 17 80 12 44 99 50 115 7 77 35 113 83 81 106 71 5 125 76 29 55 52 97 49 100 2 107 1 105 120 32 102 53 84 3 122 124 104 40 89 37 72 8 6 116 43 68 69 19 114 4 94 15 88 101 11 24 74 110 96 111 21 62 112 59 65 91 23 61 123 54 121 33 109 36 57 117 41 93 42 25 90 14 27 79 64 18 22 63 82 70 103 26 31 38 16 28 60 51 66 34 47 92 85 75 67 98 30 45 48 58 39 9 73 
118 86 13 20 78 108 10 46 56 95 87 119 17 80 12 44 99 50 115 7 77 59 113 83 81 106 71 5 125 76 29 55 52 97 49 100 2 107 1 105 120 32 102 53 84 3 122 124 104 40 89 37 72 8 6 116 43 68 69 19 114 4 94 15 88 101 11 24 74 110 96 111 21 62 112 35 65 91 23 61 123 54 121 33 109 36 57 117 41 93 42 25 90 14 27 79 64 18 22 63 82 70 103 26 31 38 16 28 60 51 66 34 47 92 85 75 67 98 30 45 48 58 39 9 73 
118 86 13 20 78 108 10 46 56 95 87 119 17 80 12 44 99 50 115 7 77 59 113 16 81 106 71 5 125 76 29 55 52 97 49 100 2 107 1 105 120 32 102 53 84 3 122 124 104 40 89 37 72 8 6 116 43 68 69 19 114 4 94 15 88 101 11 24 74 110 96 111 21 62 112 35 65 91 23 61 123 54 121 33 109 36 57 117 41 93 42 25 90 14 27 79 64 18 22 63 82 70 103 26 31 38 83 28 60 51 66 34 47 92 85 75 67 98 30 45 48 58 39 9 73 
118 86 13 20 78 108 10 46 56 95 87 119 17 80 12 44 99 50 115 7 77 59 113 16 81 63 71 5 125 76 29 55 52 97 49 100 2 107 1 105 120 32 102 53 84 3 122 124 104 40 89 37 72 8 6 116 43 68 69 19 114 4 94 15 88 101 11 24 74 110 96 111 21 62 112 35 65 91 23 61 123 54 121 33 109 36 57 117 41 93 42 25 90 14 27 79 64 18 22 106 82 70 103 26 31 38 83 28 60 51 66 34 47 92 85 75 67 98 30 45 48 58 39 9 73 
118 86 13 20 78 108 10 46 56 95 87 119 17 80 12 44 99 50 115 7 77 59 113 16 81 63 71 54 125 76 29 55 52 97 49 100 2 107 1 105 120 32 102 53 84 3 122 124 104 40 89 37 72 8 6 116 43 68 69 19 114 4 94 15 88 101 11 24 74 110 96 111 21 62 112 35 65 91 23 61 123 5 121 33 109 36 57 117 41 93 42 25 90 14 27 79 64 18 22 106 82 70 103 26 31 38 83 28 60 51 66 34 47 92 85 75 67 98 30 45 48 58 39 9 73 
118 86 13 20 78 108 10 46 56 95 87 119 17 80 12 44 99 50 115 7 77 59 113 16 81 63 71 48 125 76 29 55 52 97 49 100 2 107 1 105 120 32 102 53 84 3 122 124 104 40 89 37 72 8 6 116 43 68 69 19 114 4 94 15 88 101 11 24 74 110 96 111 21 62 112 35 65 91 23 61 123 5 121 33 109 36 57 117 41 93 42 25 90 14 27 79 64 18 22 106 82 70 103 26 31 38 83 28 60 51 66 34 47 92 85 75 67 98 30 45 54 58 39 9 73 
118 86 13 20 78 108 10 46 56 95 87 119 17 80 12 44 99 50 115 7 77 59 113 16 81 63 71 48 57 76 29 55 52 97 49 100 2 107 1 105 120 32 102 53 84 3 122 124 104 40 89 37 72 8 6 116 43 68 69 19 114 4 94 15 88 101 11 24 74 110 96 111 21 62 112 35 65 91 23 61 123 5 121 33 109 36 125 117 41 93 42 25 90 14 27 79 64 18 22 106 82 70 103 26 31 38 83 28 60 51 66 34 47 92 85 75 67 98 30 45 54 58 39 9 73 
118 86 13 20 78 108 10 46 56 95 87 119 17 80 12 44 99 50 115 7 77 59 113 16 81 63 71 48 57 76 29 55 52 97 49 100 2 107 1 105 120 32 96 53 84 3 122 124 104 40 89 37 72 8 6 116 43 68 69 19 114 4 94 15 88 101 11 24 74 110 102 111 21 62 112 35 65 91 23 61 123 5 121 33 109 36 125 117 41 93 42 25 90 14 27 79 64 18 22 106 82 70 103 26 31 38 83 28 60 51 66 34 47 92 85 75 67 98 30 45 54 58 39 9 73 
118 86 13 20 78 108 10 46 56 95 87 119 17 80 12 44 99 7 115 50 77 59 113 16 81 63 71 48 57 76 29 55 52 97 49 100 2 107 1 105 120 32 96 53 84 3 122 124 104 40 89 37 72 8 6 116 43 68 69 19 114 4 94 15 88 101 11 24 74 110 102 111 21 62 112 35 65 91 23 61 123 5 121 33 109 36 125 117 41 93 42 25 90 14 27 79 64 18 22 106 82 70 103 26 31 38 83 28 60 51 66 34 47 92 85 75 67 98 30 45 54 58 39 9 73 
118 86 13 20 78 108 10 46 56 95 87 119 17 80 12 44 99 7 115 50 77 59 113 16 81 63 71 48 57 76 29 55 52 97 49 100 2 107 1 105 120 32 96 53 6 3 122 124 104 40 89 37 72 8 84 116 43 68 69 19 114 4 94 15 88 101 11 24 74 110 102 111 21 62 112 35 65 91 23 61 123 5 121 33 109 36 125 117 41 93 42 25 90 14 27 79 64 18 22 106 82 70 103 26 31 38 83 28 60 51 66 34 47 92 85 75 67 98 30 45 54 58 39 9 73 
118 86 13 20 78 108 10 46 56 95 87 119 17 80 12 44 99 7 115 50 77 59 113 16 81 63 71 48 57 76 29 55 52 97 49 100 2 107 1 105 120 32 96 53 6 3 122 124 26 40 89 37 72 8 84 116 43 68 69 19 114 4 94 15 88 101 11 24 74 110 102 111 21 62 112 35 65 91 23 61 123 5 121 33 109 36 125 117 41 93 42 25 90 14 27 79 64 18 22 106 82 70 103 104 31 38 83 28 60 51 66 34 47 92 85 75 67 98 30 45 54 58 39 9 73 
118 86 13 20 78 108 10 46 56 95 87 119 17 80 12 44 99 7 115 50 77 59 113 110 81 63 71 48 57 76 29 55 52 97 49 100 2 107 1 105 120 32 96 53 6 3 122 124 26 40 89 37 72 8 84 116 43 68 69 19 114 4 94 15 88 101 11 24 74 16 102 111 21 62 112 35 65 91 23 61 123 5 121 33 109 36 125 117 41 93 42 25 90 14 27 79 64 18 22 106 82 70 103 104 31 38 83 28 60 51 66 34 47 92 85 75 67 98 30 45 54 58 39 9 73 
118 86 13 20 78 108 10 46 56 95 87 119 17 80 12 44 99 7 115 50 77 59 113 110 81 63 71 48 57 76 29 55 52 97 49 100 2 107 1 105 120 32 96 53 6 3 122 124 26 40 89 62 72 8 84 116 43 68 69 19 114 4 94 15 88 101 11 24 74 16 102 111 21 37 112 35 65 91 23 61 123 5 121 33 109 36 125 117 41 93 42 25 90 14 27 79 64 18 22 106 82 70 103 104 31 38 83 28 60 51 66 34 47 92 85 75 67 98 30 45 54 58 39 9 73 
118 86 13 20 78 108 10 46 56 95 87 119 17 80 12 44 99 7 115 50 77 59 113 110 81 63 71 48 57 76 29 55 52 97 49 100 2 107 1 105 120 32 96 53 6 3 122 124 65 40 89 62 72 8 84 116 43 68 69 19 114 4 94 15 88 101 11 24 74 16 102 111 21 37 112 35 26 91 23 61 123 5 121 33 109 36 125 117 41 93 42 25 90 14 27 79 64 18 22 106 82 70 103 104 31 38 83 28 60 51 66 34 47 92 85 75 67 98 30 45 54 58 39 9 73 
118 86 13 20 78 108 10 46 56 95 87 119 17 80 12 44 99 7 115 50 77 59 113 110 81 63 71 48 57 76 29 55 52 97 49 100 2 107 1 105 120 32 96 53 6 3 122 124 34 40 89 62 72 8 84 116 43 68 69 19 114 4 94 15 88 101 11 24 74 16 102 111 21 37 112 35 26 91 23 61 123 5 121 33 109 36 125 117 41 93 42 25 90 14 27 79 64 18 22 106 82 70 103 104 31 38 83 28 60 51 66 65 47 92 85 75 67 98 30 45 54 58 39 9 73 
118 86 13 20 78 108 10 46 56 95 87 119 17 80 12 44 99 7 115 50 77 59 113 110 81 63 71 48 57 76 29 55 52 97 49 100 2 107 1 105 120 40 96 53 6 3 122 124 34 32 89 62 72 8 84 116 43 68 69 19 114 4 94 15 88 101 11 24 74 16 102 111 21 37 112 35 26 91 23 61 123 5 121 33 109 36 125 117 41 93 42 25 90 14 27 79 64 18 22 106 82 70 103 104 31 38 83 28 60 51 66 65 47 92 85 75 67 98 30 45 54 58 39 9 73 
118 86 13 20 78 108 10 46 56 95 87 119 17 80 12 44 99 7 115 50 77 59 113 110 81 63 71 48 57 76 29 55 52 97 49 100 2 107 1 105 120 40 96 53 6 3 122 124 34 32 89 62 72 8 84 116 43 68 69 19 114 4 94 15 88 101 11 24 74 16 102 111 21 37 92 35 26 91 23 61 123 5 121 33 109 36 125 117 41 93 42 25 90 14 27 79 64 18 22 106 82 70 103 104 31 38 83 28 60 51 66 65 47 112 85 75 67 98 30 45 54 58 39 9 73 
118 86 13 20 78 108 10 46 56 95 87 119 17 80 12 44 99 7 115 50 77 59 113 110 81 63 71 48 57 76 29 55 52 97 49 100 2 107 1 105 120 40 96 53 6 3 122 124 34 32 89 62 72 8 84 116 43 68 69 19 114 4 94 15 88 101 11 24 74 16 102 111 21 106 92 35 26 91 23 61 123 5 121 33 109 36 125 117 41 93 42 25 90 14 27 79 64 18 22 37 82 70 103 104 31 38 83 28 60 51 66 65 47 112 85 75 67 98 30 45 54 58 39 9 73 
118 86 13 20 78 108 10 46 56 95 87 119 17 80 12 44 99 7 115 50 77 59 18 110 81 63 71 48 57 76 29 55 52 97 49 100 2 107 1 105 120 40 96 53 6 3 122 124 34 32 89 62 72 8 84 116 43 68 69 19 114 4 94 15 88 101 11 24 74 16 102 111 21 106 92 35 26 91 23 61 123 5 121 33 109 36 125 117 41 93 42 25 90 14 27 79 64 113 22 37 82 70 103 104 31 38 83 28 60 51 66 65 47 112 85 75 67 98 30 45 54 58 39 9 73 
118 86 13 20 78 108 10 46 56 95 87 119 17 80 12 44 99 7 115 50 77 59 18 110 81 63 71 48 57 76 29 55 52 97 49 100 2 107 1 105 120 40 96 53 6 3 122 124 34 32 89 62 72 8 84 116 43 68 69 19 114 4 94 15 88 101 11 24 74 16 102 111 21 106 92 35 26 85 23 61 123 5 121 33 109 36 125 117 41 93 42 25 90 14 27 79 64 113 22 37 82 70 103 104 31 38 83 28 60 51 66 65 47 112 91 75 67 98 30 45 54 58 39 9 73 
41 103 21 102 17 18 48 61 78 124 121 105 81 123 23 83 80 95 98 30 104 34 32 99 112 110 5 73 101 7 109 90 45 106 59 82 70 10 113 27 4 42 25 3 72 64 74 12 51 84 60 37 116 44 26 6 1 24 76 43 119 53 2 28 19 62 68 39 79 31 89 35 86 9 65 120 118 40 88 125 91 47 57 20 58 114 8 50 93 11 14 29 54 63 108 13 111 122 55 66 67 36 15 69 97 22 117 92 115 33 94 52 87 71 75 107 56 46 96 49 16 38 100 77 85 
41 103 46 102 17 18 48 61 78 124 121 105 81 123 23 83 80 95 98 30 104 34 32 99 112 110 5 73 101 7 109 90 45 106 59 82 70 10 113 27 4 42 25 3 72 64 74 12 51 84 60 37 116 44 26 6 1 24 76 43 119 53 2 28 19 62 68 39 79 31 89 35 86 9 65 120 118 40 88 125 91 47 57 20 58 114 8 50 93 11 14 29 54 63 108 13 111 122 55 66 67 36 15 69 97 22 117 92 115 33 94 52 87 71 75 107 56 21 96 49 16 38 100 77 85 
41 103 46 102 17 18 48 61 78 90 121 105 81 123 23 83 80 95 98 30 104 34 32 99 112 110 5 73 101 7 109 124 45 106 59 82 70 10 113 27 4 42 25 3 72 64 74 12 51 84 60 37 116 44 26 6 1 24 76 43 119 53 2 28 19 62 68 39 79 31 89 35 86 9 65 120 118 40 88 125 91 47 57 20 58 114 8 50 93 11 14 29 54 63 108 13 111 122 55 66 67 36 15 69 97 22 117 92 115 33 94 52 87 71 75 107 56 21 96 49 16 38 100 77 85 
41 103 46 102 60 18 48 61 78 90 121 105 81 123 23 83 80 95 98 30 104 34 32 99 112 110 5 73 101 7 109 124 45 106 59 82 70 10 113 27 4 42 25 3 72 64 74 12 51 84 17 37 116 44 26 6 1 24 76 43 119 53 2 28 19 62 68 39 79 31 89 35 86 9 65 120 118 40 88 125 91 47 57 20 58 114 8 50 93 11 14 29 54 63 108 13 111 122 55 66 67 36 15 69 97 22 117 92 115 33 94 52 87 71 75 107 56 21 96 49 16 38 100 77 85 
41 103 46 102 60 18 48 61 78 90 121 105 81 123 23 83 120 95 98 30 104 34 32 99 112 110 5 73 101 7 109 124 45 106 59 82 70 10 113 27 4 42 25 3 72 64 74 12 51 84 17 37 116 44 26 6 1 24 76 43 119 53 2 28 19 62 68 39 79 31 89 35 86 9 65 80 118 40 88 125 91 47 57 20 58 114 8 50 93 11 14 29 54 63 108 13 111 122 55 66 67 36 15 69 97 22 117 92 115 33 94 52 87 71 75 107 56 21 96 49 16 38 100 77 85 
41 103 46 102 60 18 48 61 78 90 121 105 81 123 23 83 120 95 98 30 104 34 32 99 112 110 5 73 101 7 109 124 45 106 59 82 70 10 113 27 4 42 25 3 72 64 74 12 75 84 17 37 116 44 26 6 1 24 76 43 119 53 2 28 19 62 68 39 79 31 89 35 86 9 65 80 118 40 88 125 91 47 57 20 58 114 8 50 93 11 14 29 54 63 108 13 111 122 55 66 67 36 15 69 97 22 117 92 115 33 94 52 87 71 51 107 56 21 96 49 16 38 100 77 85 
41 103 46 102 60 18 48 61 78 90 121 105 81 123 23 83 120 95 98 30 104 34 32 99 112 110 5 73 101 7 109 124 45 106 59 82 70 10 113 27 4 42 25 3 72 64 74 12 75 84 17 37 20 44 26 6 1 24 76 43 119 53 2 28 19 62 68 39 79 31 89 35 86 9 65 80 118 40 88 125 91 47 57 116 58 114 8 50 93 11 14 29 54 63 108 13 111 122 55 66 67 36 15 69 97 22 117 92 115 33 94 52 87 71 51 107 56 21 96 49 16 38 100 77 85 
41 119 46 102 60 18 48 61 78 90 121 105 81 123 23 83 120 95 98 30 104 34 32 99 112 110 5 73 101 7 109 124 45 106 59 82 70 10 113 27 4 42 25 3 72 64 74 12 75 84 17 37 20 44 26 6 1 24 76 43 103 53 2 28 19 62 68 39 79 31 89 35 86 9 65 80 118 40 88 125 91 47 57 116 58 114 8 50 93 11 14 29 54 63 108 13 111 122 55 66 67 36 15 69 97 22 117 92 115 33 94 52 87 71 51 107 56 21 96 49 16 38 100 77 85 
41 119 46 13 60 18 48 61 78 90 121 105 81 123 23 83 120 95 98 30 104 34 32 99 112 110 5 73 101 7 109 124 45 106 59 82 70 10 113 27 4 42 25 3 72 64 74 12 75 84 17 37 20 44 26 6 1 24 76 43 103 53 2 28 19 62 68 39 79 31 89 35 86 9 65 80 118 40 88 125 91 47 57 116 58 114 8 50 93 11 14 29 54 63 108 102 111 122 55 66 67 36 15 69 97 22 117 92 115 33 94 52 87 71 51 107 56 21 96 49 16 38 100 77 85 
41 119 46 13 60 18 22 61 78 90 121 105 81 123 23 83 120 95 98 30 104 34 32 99 112 110 5 73 101 7 109 124 45 106 59 82 70 10 113 27 4 42 25 3 72 64 74 12 75 84 17 37 20 44 26 6 1 24 76 43 103 53 2 28 19 62 68 39 79 31 89 35 86 9 65 80 118 40 88 125 91 47 57 116 58 114 8 50 93 11 14 29 54 63 108 102 111 122 55 66 67 36 15 69 97 48 117 92 115 33 94 52 87 71 51 107 56 21 96 49 16 38 100 77 85 
41 119 46 13 60 18 22 61 39 90 121 105 81 123 23 83 120 95 98 30 104 34 32 99 112 110 5 73 101 7 109 124 45 106 59 82 70 10 113 27 4 42 25 3 72 64 74 12 75 84 17 37 20 44 26 6 1 24 76 43 103 53 2 28 19 62 68 78 79 31 89 35 86 9 65 80 118 40 88 125 91 47 57 116 58 114 8 50 93 11 14 29 54 63 108 102 111 122 55 66 67 36 15 69 97 48 117 92 115 33 94 52 87 71 51 107 56 21 96 49 16 38 100 77 85 
41 119 46 13 60 18 107 61 39 90 121 105 81 123 23 83 120 95 98 30 104 34 32 99 112 110 5 73 101 7 109 124 45 106 59 82 70 10 113 27 4 42 25 3 72 64 74 12 75 84 17 37 20 44 26 6 1 24 76 43 103 53 2 28 19 62 68 78 79 31 89 35 86 9 65 80 118 40 88 125 91 47 57 116 58 114 8 50 93 11 14 29 54 63 108 102 111 122 55 66 67 36 15 69 97 48 117 92 115 33 94 52 87 71 51 22 56 21 96 49 16 38 100 77 85 
41 119 46 13 60 18 107 61 39 90 121 105 81 10 23 83 120 95 98 30 104 34 32 99 112 110 5 73 101 7 109 124 45 106 59 82 70 123 113 27 4 42 25 3 72 64 74 12 75 84 17 37 20 44 26 6 1 24 76 43 103 53 2 28 19 62 68 78 79 31 89 35 86 9 65 80 118 40 88 125 91 47 57 116 58 114 8 50 93 11 14 29 54 63 108 102 111 122 55 66 67 36 15 69 97 48 117 92 115 33 94 52 87 71 51 22 56 21 96 49 16 38 100 77 85 
41 119 46 13 60 18 107 61 39 90 96 105 81 10 23 83 120 95 98 30 104 34 32 99 112 110 5 73 101 7 109 124 45 106 59 82 70 123 113 27 4 42 25 3 72 64 74 12 75 84 17 37 20 44 26 6 1 24 76 43 103 53 2 28 19 62 68 78 79 31 89 35 86 9 65 80 118 40 88 125 91 47 57 116 58 114 8 50 93 11 14 29 54 63 108 102 111 122 55 66 67 36 15 69 97 48 117 92 115 33 94 52 87 71 51 22 56 21 121 49 16 38 100 77 85 
41 119 46 13 60 18 107 61 39 90 96 105 81 10 23 83 120 95 98 30 58 34 32 99 112 110 5 73 101 7 109 124 45 106 59 82 70 123 113 27 4 42 25 3 72 64 74 12 75 84 17 37 20 44 26 6 1 24 76 43 103 53 2 28 19 62 68 78 79 31 89 35 86 9 65 80 118 40 88 125 91 47 57 116 104 114 8 50 93 11 14 29 54 63 108 102 111 122 55 66 67 36 15 69 97 48 117 92 115 33 94 52 87 71 51 22 56 21 121 49 16 38 100 77 85 
41 119 46 13 60 18 107 61 39 90 96 105 81 10 23 83 120 95 98 30 58 57 32 99 112 110 5 73 101 7 109 124 45 106 59 82 70 123 113 27 4 42 25 3 72 64 74 12 75 84 17 37 20 44 26 6 1 24 76 43 103 53 2 28 19 62 68 78 79 31 89 35 86 9 65 80 118 40 88 125 91 47 34 116 104 114 8 50 93 11 14 29 54 63 108 102 111 122 55 66 67 36 15 69 97 48 117 92 115 33 94 52 87 71 51 22 56 21 121 49 16 38 100 77 85 
41 119 46 13 60 18 107 61 39 90 96 105 81 10 23 83 120 95 98 30 15 57 32 99 112 110 5 73 101 7 109 124 45 106 59 82 70 123 113 27 4 42 25 3 72 64 74 12 75 84 17 37 20 44 26 6 1 24 76 43 103 53 2 28 19 62 68 78 79 31 89 35 86 9 65 80 118 40 88 125 91 47 34 116 104 114 8 50 93 11 14 29 54 63 108 102 111 122 55 66 67 36 58 69 97 48 117 92 115 33 94 52 87 71 51 22 56 21 121 49 16 38 100 77 85 
41 119 46 13 60 18 107 61 39 90 96 105 81 10 23 83 120 95 20 30 15 57 32 99 112 110 5 73 101 7 109 124 45 106 59 82 70 123 113 27 4 42 25 3 72 64 74 12 75 84 17 37 98 44 26 6 1 24 76 43 103 53 2 28 19 62 68 78 79 31 89 35 86 9 65 80 118 40 88 125 91 47 34 116 104 114 8 50 93 11 14 29 54 63 108 102 111 122 55 66 67 36 58 69 97 48 117 92 115 33 94 52 87 71 51 22 56 21 121 49 16 38 100 77 85 
41 119 46 13 60 18 107 61 39 90 96 105 81 10 23 83 120 95 20 30 15 57 32 99 112 17 5 73 101 7 109 124 45 106 59 82 70 123 113 27 4 42 25 3 72 64 74 12 75 84 110 37 98 44 26 6 1 24 76 43 103 53 2 28 19 62 68 78 79 31 89 35 86 9 65 80 118 40 88 125 91 47 34 116 104 114 8 50 93 11 14 29 54 63 108 102 111 122 55 66 67 36 58 69 97 48 117 92 115 33 94 52 87 71 51 22 56 21 121 49 16 38 100 77 85 
41 119 46 13 60 18 107 61 39 90 96 105 81 10 23 83 120 95 20 30 15 57 32 99 112 17 5 73 101 7 109 124 59 106 45 82 70 123 113 27 4 42 25 3 72 64 74 12 75 84 110 37 98 44 26 6 1 24 76 43 103 53 2 28 19 62 68 78 79 31 89 35 86 9 65 80 118 40 88 125 91 47 34 116 104 114 8 50 93 11 14 29 54 63 108 102 111 122 55 66 67 36 58 69 97 48 117 92 115 33 94 52 87 71 51 22 56 21 121 49 16 38 100 77 85 
41 119 46 13 60 18 107 61 39 90 96 105 81 10 23 83 120 95 20 30 15 57 32 99 112 17 5 73 101 7 109 124 82 106 45 59 70 123 113 27 4 42 25 3 72 64 74 12 75 84 110 37 98 44 26 6 1 24 76 43 103 53 2 28 19 62 68 78 79 31 89 35 86 9 65 80 118 40 88 125 91 47 34 116 104 114 8 50 93 11 14 29 54 63 108 102 111 122 55 66 67 36 58 69 97 48 117 92 115 33 94 52 87 71 51 22 56 21 121 49 16 38 100 77 85 
41 119 46 13 60 18 107 61 39 90 96 105 81 10 23 83 120 95 20 30 15 57 32 99 112 17 5 73 101 7 109 124 82 106 43 59 70 123 113 27 4 42 25 3 72 64 74 12 75 84 110 37 98 44 26 6 1 24 76 45 103 53 2 28 19 62 68 78 79 31 89 35 86 9 65 80 118 40 88 125 91 47 34 116 104 114 8 50 93 11 14 29 54 63 108 102 111 122 55 66 67 36 58 69 97 48 117 92 115 33 94 52 87 71 51 22 56 21 121 49 16 38 100 77 85 
41 119 46 13 60 18 107 61 39 90 96 105 81 10 23 83 120 95 20 30 15 57 32 99 112 17 5 73 101 7 27 124 82 106 43 59 70 123 113 109 4 42 25 3 72 64 74 12 75 84 110 37 98 44 26 6 1 24 76 45 103 53 2 28 19 62 68 78 79 31 89 35 86 9 65 80 118 40 88 125 91 47 34 116 104 114 8 50 93 11 14 29 54 63 108 102 111 122 55 66 67 36 58 69 97 48 117 92 115 33 94 52 87 71 51 22 56 21 121 49 16 38 100 77 85 
41 119 46 13 60 18 107 61 39 90 96 105 81 10 23 83 120 95 20 30 15 57 32 99 112 17 5 73 101 7 117 124 82 106 43 59 70 123 113 109 4 42 25 3 72 64 74 12 75 84 110 37 98 44 26 6 1 24 76 45 103 53 2 28 19 62 68 78 79 31 89 35 86 9 65 80 118 40 88 125 91 47 34 116 104 114 8 50 93 11 14 29 54 63 108 102 111 122 55 66 67 36 58 69 97 48 27 92 115 33 94 52 87 71 51 22 56 21 121 49 16 38 100 77 85 
41 119 46 13 60 18 107 61 39 90 96 105 81 10 23 83 120 95 20 30 15 57 32 99 112 17 5 73 101 7 117 124 82 106 43 1 70 123 113 109 4 42 25 3 72 64 74 12 75 84 110 37 98 44 26 6 59 24 76 45 103 53 2 28 19 62 68 78 79 31 89 35 86 9 65 80 118 40 88 125 91 47 34 116 104 114 8 50 93 11 14 29 54 63 108 102 111 122 55 66 67 36 58 69 97 48 27 92 115 33 94 52 87 71 51 22 56 21 121 49 16 38 100 77 85 
41 119 46 13 60 18 107 61 39 90 96 105 81 10 23 83 120 95 20 30 15 57 32 99 112 17 5 73 101 7 117 124 82 106 43 1 70 123 113 109 4 42 25 3 72 64 74 12 75 84 110 37 98 44 26 6 59 24 76 45 103 53 2 28 19 62 68 78 79 87 89 35 86 9 65 80 118 40 88 125 91 47 34 116 104 114 8 50 93 11 14 29 54 63 108 102 111 122 55 66 67 36 58 69 97 48 27 92 115 33 94 52 31 71 51 22 56 21 121 49 16 38 100 77 85 
41 119 46 13 60 18 107 61 39 90 96 105 81 10 23 83 120 95 20 30 15 57 32 99 112 17 5 73 101 7 117 124 82 106 43 1 70 123 113 109 4 42 25 3 72 64 74 12 75 84 110 37 98 44 26 6 59 24 76 45 103 53 2 28 19 62 68 78 79 87 34 35 86 9 65 80 118 40 88 125 91 47 89 116 104 114 8 50 93 11 14 29 54 63 108 102 111 122 55 66 67 36 58 69 97 48 27 92 115 33 94 52 31 71 51 22 56 21 121 49 16 38 100 77 85 
41 119 46 13 60 18 107 61 39 90 96 105 81 10 23 83 120 95 20 30 15 57 32 99 112 17 5 73 101 7 117 124 82 106 43 1 70 123 113 109 4 42 25 3 72 64 74 12 75 84 110 37 98 44 26 6 59 24 76 45 103 53 2 28 19 62 68 78 79 87 34 35 86 9 65 80 118 40 88 125 91 47 50 116 104 114 8 89 93 11 14 29 54 63 108 102 111 122 55 66 67 36 58 69 97 48 27 92 115 33 94 52 31 71 51 22 56 21 121 49 16 38 100 77 85 
41 119 46 13 60 18 107 61 39 90 96 105 81 10 23 83 120 95 20 30 15 57 32 99 112 17 5 73 101 7 117 124 82 106 43 1 70 123 113 109 4 42 25 3 72 64 74 12 75 84 110 37 98 44 26 6 59 24 76 45 103 53 2 28 19 62 68 78 79 87 34 35 86 9 65 80 118 40 88 125 91 47 50 116 104 114 8 89 93 11 54 29 14 63 108 102 111 122 55 66 67 36 58 69 97 48 27 92 115 33 94 52 31 71 51 22 56 21 121 49 16 38 100 77 85 
41 119 46 13 60 18 107 61 39 90 96 105 81 10 23 83 120 95 20 30 15 57 32 99 112 17 5 73 101 7 117 124 82 106 43 1 70 123 113 109 94 42 25 3 72 64 74 12 75 84 110 37 98 44 26 6 59 24 76 45 103 53 2 28 19 62 68 78 79 87 34 35 86 9 65 80 118 40 88 125 91 47 50 116 104 114 8 89 93 11 54 29 14 63 108 102 111 122 55 66 67 36 58 69 97 48 27 92 115 33 4 52 31 71 51 22 56 21 121 49 16 38 100 77 85 
