53 86 13 20 78 112 1 46 56 95 110 119 17 80 12 44 99 50 33 7 77 35 113 83 81 106 71 5 125 122 29 55 52 97 49 100 2 88 37 105 120 32 102 118 84 3 76 79 104 40 89 10 72 8 6 116 43 74 69 19 114 4 94 15 107 101 11 24 68 87 96 111 21 62 108 59 65 91 23 61 123 54 121 115 109 36 57 98 41 93 42 25 90 14 27 124 64 18 22 63 82 70 103 26 31 38 16 28 60 51 66 34 47 92 85 75 67 117 30 45 48 58 39 9 73 
118 86 13 20 78 112 1 46 56 95 110 119 17 80 12 44 99 50 33 7 77 35 113 83 81 106 71 5 125 122 29 55 52 97 49 100 2 88 37 105 120 32 102 53 84 3 76 79 104 40 89 10 72 8 6 116 43 74 69 19 114 4 94 15 107 101 11 24 68 87 96 111 21 62 108 59 65 91 23 61 123 54 121 115 109 36 57 98 41 93 42 25 90 14 27 124 64 18 22 63 82 70 103 26 31 38 16 28 60 51 66 34 47 92 85 75 67 117 30 45 48 58 39 9 73 
118 86 13 20 78 112 1 46 56 95 110 119 17 80 12 44 99 50 115 7 77 35 113 83 81 106 71 5 125 122 29 55 52 97 49 100 2 88 37 105 120 32 102 53 84 3 76 79 104 40 89 10 72 8 6 116 43 74 69 19 114 4 94 15 107 101 11 24 68 87 96 111 21 62 108 59 65 91 23 61 123 54 121 33 109 36 57 98 41 93 42 25 90 14 27 124 64 18 22 63 82 70 103 26 31 38 16 28 60 51 66 34 47 92 85 75 67 117 30 45 48 58 39 9 73 
118 86 13 20 78 112 1 46 56 95 110 119 17 80 12 44 99 50 115 7 77 35 113 83 81 106 71 5 125 122 29 55 52 97 49 100 2 107 37 105 120 32 102 53 84 3 76 79 104 40 89 10 72 8 6 116 43 74 69 19 114 4 94 15 88 101 11 24 68 87 96 111 21 62 108 59 65 91 23 61 123 54 121 33 109 36 57 98 41 93 42 25 90 14 27 124 64 18 22 63 82 70 103 26 31 38 16 28 60 51 66 34 47 92 85 75 67 117 30 45 48 58 39 9 73 
118 86 13 20 78 112 1 46 56 95 110 119 17 80 12 44 99 50 115 7 77 35 113 83 81 106 71 5 125 76 29 55 52 97 49 100 2 107 37 105 120 32 102 53 84 3 122 79 104 40 89 10 72 8 6 116 43 74 69 19 114 4 94 15 88 101 11 24 68 87 96 111 21 62 108 59 65 91 23 61 123 54 121 33 109 36 57 98 41 93 42 25 90 14 27 124 64 18 22 63 82 70 103 26 31 38 16 28 60 51 66 34 47 92 85 75 67 117 30 45 48 58 39 9 73 
118 86 13 20 78 112 1 46 56 95 110 119 17 80 12 44 99 50 115 7 77 35 113 83 81 106 71 5 125 76 29 55 52 97 49 100 2 107 37 105 120 32 102 53 84 3 122 79 104 40 89 10 72 8 6 116 43 68 69 19 114 4 94 15 88 101 11 24 74 87 96 111 21 62 108 59 65 91 23 61 123 54 121 33 109 36 57 98 41 93 42 25 90 14 27 124 64 18 22 63 82 70 103 26 31 38 16 28 60 51 66 34 47 92 85 75 67 117 30 45 48 58 39 9 73 
118 86 13 20 78 112 1 46 56 95 110 119 17 80 12 44 99 50 115 7 77 35 113 83 81 106 71 5 125 76 29 55 52 97 49 100 2 107 37 105 120 32 102 53 84 3 122 79 104 40 89 10 72 8 6 116 43 68 69 19 114 4 94 15 88 101 11 24 74 87 96 111 21 62 108 59 65 91 23 61 123 54 121 33 109 36 57 117 41 93 42 25 90 14 27 124 64 18 22 63 82 70 103 26 31 38 16 28 60 51 66 34 47 92 85 75 67 98 30 45 48 58 39 9 73 
118 86 13 20 78 112 1 46 56 95 110 119 17 80 12 44 99 50 115 7 77 35 113 83 81 106 71 5 125 76 29 55 52 97 49 100 2 107 37 105 120 32 102 53 84 3 122 124 104 40 89 10 72 8 6 116 43 68 69 19 114 4 94 15 88 101 11 24 74 87 96 111 21 62 108 59 65 91 23 61 123 54 121 33 109 36 57 117 41 93 42 25 90 14 27 79 64 18 22 63 82 70 103 26 31 38 16 28 60 51 66 34 47 92 85 75 67 98 30 45 48 58 39 9 73 
118 86 13 20 78 108 1 46 56 95 110 119 17 80 12 44 99 50 115 7 77 35 113 83 81 106 71 5 125 76 29 55 52 97 49 100 2 107 37 105 120 32 102 53 84 3 122 124 104 40 89 10 72 8 6 116 43 68 69 19 114 4 94 15 88 101 11 24 74 87 96 111 21 62 112 59 65 91 23 61 123 54 121 33 109 36 57 117 41 93 42 25 90 14 27 79 64 18 22 63 82 70 103 26 31 38 16 28 60 51 66 34 47 92 85 75 67 98 30 45 48 58 39 9 73 
118 86 13 20 78 108 37 46 56 95 110 119 17 80 12 44 99 50 115 7 77 35 113 83 81 106 71 5 125 76 29 55 52 97 49 100 2 107 1 105 120 32 102 53 84 3 122 124 104 40 89 10 72 8 6 116 43 68 69 19 114 4 94 15 88 101 11 24 74 87 96 111 21 62 112 59 65 91 23 61 123 54 121 33 109 36 57 117 41 93 42 25 90 14 27 79 64 18 22 63 82 70 103 26 31 38 16 28 60 51 66 34 47 92 85 75 67 98 30 45 48 58 39 9 73 
118 86 13 20 78 108 10 46 56 95 110 119 17 80 12 44 99 50 115 7 77 35 113 83 81 106 71 5 125 76 29 55 52 97 49 100 2 107 1 105 120 32 102 53 84 3 122 124 104 40 89 37 72 8 6 116 43 68 69 19 114 4 94 15 88 101 11 24 74 87 96 111 21 62 112 59 65 91 23 61 123 54 121 33 109 36 57 117 41 93 42 25 90 14 27 79 64 18 22 63 82 70 103 26 31 38 16 28 60 51 66 34 47 92 85 75 67 98 30 45 48 58 39 9 73 
118 86 13 20 78 108 10 46 56 95 87 119 17 80 12 44 99 50 115 7 77 35 113 83 81 106 71 5 125 76 29 55 52 97 49 100 2 107 1 105 120 32 102 53 84 3 122 124 104 40 89 37 72 8 6 116 43 68 69 19 114 4 94 15 88 101 11 24 74 110 96 111 21 62 112 59 65 91 23 61 123 54 121 33 109 36 57 117 41 93 42 25 90 14 27 79 64 18 22 63 82 70 103 26 31 38 16 28 60 51 66 34 47 92 85 75 67 98 30 45 48 58 39 9 73 
118 86 13 20 78 108 10 46 56 95 87 119 17 80 12 44 99 50 115 7 77 59 113 83 81 106 71 5 125 76 29 55 52 97 49 100 2 107 1 105 120 32 102 53 84 3 122 124 104 40 89 37 72 8 6 116 43 68 69 19 114 4 94 15 88 101 11 24 74 110 96 111 21 62 112 35 65 91 23 61 123 54 121 33 109 36 57 117 41 93 42 25 90 14 27 79 64 18 22 63 82 70 103 26 31 38 16 28 60 51 66 34 47 92 85 75 67 98 30 45 48 58 39 9 73 
118 86 13 20 78 108 10 46 56 95 87 119 17 80 12 44 99 50 115 7 77 59 113 16 81 106 71 5 125 76 29 55 52 97 49 100 2 107 1 105 120 32 102 53 84 3 122 124 104 40 89 37 72 8 6 116 43 68 69 19 114 4 94 15 88 101 11 24 74 110 96 111 21 62 112 35 65 91 23 61 123 54 121 33 109 36 57 117 41 93 42 25 90 14 27 79 64 18 22 63 82 70 103 26 31 38 83 28 60 51 66 34 47 92 85 75 67 98 30 45 48 58 39 9 73 
118 86 13 20 78 108 10 46 56 95 87 119 17 80 12 44 99 50 115 7 77 59 113 16 81 63 71 5 125 76 29 55 52 97 49 100 2 107 1 105 120 32 102 53 84 3 122 124 104 40 89 37 72 8 6 116 43 68 69 19 114 4 94 15 88 101 11 24 74 110 96 111 21 62 112 35 65 91 23 61 123 54 121 33 109 36 57 117 41 93 42 25 90 14 27 79 64 18 22 106 82 70 103 26 31 38 83 28 60 51 66 34 47 92 85 75 67 98 30 45 48 58 39 9 73 
118 86 13 20 78 108 10 46 56 95 87 119 17 80 12 44 99 50 115 7 77 59 113 16 81 63 71 54 125 76 29 55 52 97 49 100 2 107 1 105 120 32 102 53 84 3 122 124 104 40 89 37 72 8 6 116 43 68 69 19 114 4 94 15 88 101 11 24 74 110 96 111 21 62 112 35 65 91 23 61 123 5 121 33 109 36 57 117 41 93 42 25 90 14 27 79 64 18 22 106 82 70 103 26 31 38 83 28 60 51 66 34 47 92 85 75 67 98 30 45 48 58 39 9 73 
118 86 13 20 78 108 10 46 56 95 87 119 17 80 12 44 99 50 115 7 77 59 113 16 81 63 71 48 125 76 29 55 52 97 49 100 2 107 1 105 120 32 102 53 84 3 122 124 104 40 89 37 72 8 6 116 43 68 69 19 114 4 94 15 88 101 11 24 74 110 96 111 21 62 112 35 65 91 23 61 123 5 121 33 109 36 57 117 41 93 42 25 90 14 27 79 64 18 22 106 82 70 103 26 31 38 83 28 60 51 66 34 47 92 85 75 67 98 30 45 54 58 39 9 73 
118 86 13 20 78 108 10 46 56 95 87 119 17 80 12 44 99 50 115 7 77 59 113 16 81 63 71 48 57 76 29 55 52 97 49 100 2 107 1 105 120 32 102 53 84 3 122 124 104 40 89 37 72 8 6 116 43 68 69 19 114 4 94 15 88 101 11 24 74 110 96 111 21 62 112 35 65 91 23 61 123 5 121 33 109 36 125 117 41 93 42 25 90 14 27 79 64 18 22 106 82 70 103 26 31 38 83 28 60 51 66 34 47 92 85 75 67 98 30 45 54 58 39 9 73 
118 86 13 20 78 108 10 46 56 95 87 119 17 80 12 44 99 50 115 7 77 59 113 16 81 63 71 48 57 76 29 55 52 97 49 100 2 107 1 105 120 32 96 53 84 3 122 124 104 40 89 37 72 8 6 116 43 68 69 19 114 4 94 15 88 101 11 24 74 110 102 111 21 62 112 35 65 91 23 61 123 5 121 33 109 36 125 117 41 93 42 25 90 14 27 79 64 18 22 106 82 70 103 26 31 38 83 28 60 51 66 34 47 92 85 75 67 98 30 45 54 58 39 9 73 
118 86 13 20 78 108 10 46 56 95 87 119 17 80 12 44 99 7 115 50 77 59 113 16 81 63 71 48 57 76 29 55 52 97 49 100 2 107 1 105 120 32 96 53 84 3 122 124 104 40 89 37 72 8 6 116 43 68 69 19 114 4 94 15 88 101 11 24 74 110 102 111 21 62 112 35 65 91 23 61 123 5 121 33 109 36 125 117 41 93 42 25 90 14 27 79 64 18 22 106 82 70 103 26 31 38 83 28 60 51 66 34 47 92 85 75 67 98 30 45 54 58 39 9 73 
118 86 13 20 78 108 10 46 56 95 87 119 17 80 12 44 99 7 115 50 77 59 113 16 81 63 71 48 57 76 29 55 52 97 49 100 2 107 1 105 120 32 96 53 6 3 122 124 104 40 89 37 72 8 84 116 43 68 69 19 114 4 94 15 88 101 11 24 74 110 102 111 21 62 112 35 65 91 23 61 123 5 121 33 109 36 125 117 41 93 42 25 90 14 27 79 64 18 22 106 82 70 103 26 31 38 83 28 60 51 66 34 47 92 85 75 67 98 30 45 54 58 39 9 73 
118 86 13 20 78 108 10 46 56 95 87 119 17 80 12 44 99 7 115 50 77 59 113 16 81 63 71 48 57 76 29 55 52 97 49 100 2 107 1 105 120 32 96 53 6 3 122 124 26 40 89 37 72 8 84 116 43 68 69 19 114 4 94 15 88 101 11 24 74 110 102 111 21 62 112 35 65 91 23 61 123 5 121 33 109 36 125 117 41 93 42 25 90 14 27 79 64 18 22 106 82 70 103 104 31 38 83 28 60 51 66 34 47 92 85 75 67 98 30 45 54 58 39 9 73 
118 86 13 20 78 108 10 46 56 95 87 119 17 80 12 44 99 7 115 50 77 59 113 110 81 63 71 48 57 76 29 55 52 97 49 100 2 107 1 105 120 32 96 53 6 3 122 124 26 40 89 37 72 8 84 116 43 68 69 19 114 4 94 15 88 101 11 24 74 16 102 111 21 62 112 35 65 91 23 61 123 5 121 33 109 36 125 117 41 93 42 25 90 14 27 79 64 18 22 106 82 70 103 104 31 38 83 28 60 51 66 34 47 92 85 75 67 98 30 45 54 58 39 9 73 
118 86 13 20 78 108 10 46 56 95 87 119 17 80 12 44 99 7 115 50 77 59 113 110 81 63 71 48 57 76 29 55 52 97 49 100 2 107 1 105 120 32 96 53 6 3 122 124 26 40 89 62 72 8 84 116 43 68 69 19 114 4 94 15 88 101 11 24 74 16 102 111 21 37 112 35 65 91 23 61 123 5 121 33 109 36 125 117 41 93 42 25 90 14 27 79 64 18 22 106 82 70 103 104 31 38 83 28 60 51 66 34 47 92 85 75 67 98 30 45 54 58 39 9 73 
118 86 13 20 78 108 10 46 56 95 87 119 17 80 12 44 99 7 115 50 77 59 113 110 81 63 71 48 57 76 29 55 52 97 49 100 2 107 1 105 120 32 96 53 6 3 122 124 65 40 89 62 72 8 84 116 43 68 69 19 114 4 94 15 88 101 11 24 74 16 102 111 21 37 112 35 26 91 23 61 123 5 121 33 109 36 125 117 41 93 42 25 90 14 27 79 64 18 22 106 82 70 103 104 31 38 83 28 60 51 66 34 47 92 85 75 67 98 30 45 54 58 39 9 73 
118 86 13 20 78 108 10 46 56 95 87 119 17 80 12 44 99 7 115 50 77 59 113 110 81 63 71 48 57 76 29 55 52 97 49 100 2 107 1 105 120 32 96 53 6 3 122 124 34 40 89 62 72 8 84 116 43 68 69 19 114 4 94 15 88 101 11 24 74 16 102 111 21 37 112 35 26 91 23 61 123 5 121 33 109 36 125 117 41 93 42 25 90 14 27 79 64 18 22 106 82 70 103 104 31 38 83 28 60 51 66 65 47 92 85 75 67 98 30 45 54 58 39 9 73 
118 86 13 20 78 108 10 46 56 95 87 119 17 80 12 44 99 7 115 50 77 59 113 110 81 63 71 48 57 76 29 55 52 97 49 100 2 107 1 105 120 40 96 53 6 3 122 124 34 32 89 62 72 8 84 116 43 68 69 19 114 4 94 15 88 101 11 24 74 16 102 111 21 37 112 35 26 91 23 61 123 5 121 33 109 36 125 117 41 93 42 25 90 14 27 79 64 18 22 106 82 70 103 104 31 38 83 28 60 51 66 65 47 92 85 75 67 98 30 45 54 58 39 9 73 
118 86 13 20 78 108 10 46 56 95 87 119 17 80 12 44 99 7 115 50 77 59 113 110 81 63 71 48 57 76 29 55 52 97 49 100 2 107 1 105 120 40 96 53 6 3 122 124 34 32 89 62 72 8 84 116 43 68 69 19 114 4 94 15 88 101 11 24 74 16 102 111 21 37 92 35 26 91 23 61 123 5 121 33 109 36 125 117 41 93 42 25 90 14 27 79 64 18 22 106 82 70 103 104 31 38 83 28 60 51 66 65 47 112 85 75 67 98 30 45 54 58 39 9 73 
118 86 13 20 78 108 10 46 56 95 87 119 17 80 12 44 99 7 115 50 77 59 113 110 81 63 71 48 57 76 29 55 52 97 49 100 2 107 1 105 120 40 96 53 6 3 122 124 34 32 89 62 72 8 84 116 43 68 69 19 114 4 94 15 88 101 11 24 74 16 102 111 21 106 92 35 26 91 23 61 123 5 121 33 109 36 125 117 41 93 42 25 90 14 27 79 64 18 22 37 82 70 103 104 31 38 83 28 60 51 66 65 47 112 85 75 67 98 30 45 54 58 39 9 73 
118 86 13 20 78 108 10 46 56 95 87 119 17 80 12 44 99 7 115 50 77 59 18 110 81 63 71 48 57 76 29 55 52 97 49 100 2 107 1 105 120 40 96 53 6 3 122 124 34 32 89 62 72 8 84 116 43 68 69 19 114 4 94 15 88 101 11 24 74 16 102 111 21 106 92 35 26 91 23 61 123 5 121 33 109 36 125 117 41 93 42 25 90 14 27 79 64 113 22 37 82 70 103 104 31 38 83 28 60 51 66 65 47 112 85 75 67 98 30 45 54 58 39 9 73 
118 86 13 20 78 108 10 46 56 95 87 119 17 80 12 44 99 7 115 50 77 59 18 110 81 63 71 48 57 76 29 55 52 97 49 100 2 107 1 105 120 40 96 53 6 3 122 124 34 32 89 62 72 8 84 116 43 68 69 19 114 4 94 15 88 101 11 24 74 16 102 111 21 106 92 35 26 85 23 61 123 5 121 33 109 36 125 117 41 93 42 25 90 14 27 79 64 113 22 37 82 70 103 104 31 38 83 28 60 51 66 65 47 112 91 75 67 98 30 45 54 58 39 9 73 
97 9 91 40 36 34 23 118 63 120 54 12 30 110 80 113 22 48 65 102 72 52 106 93 11 29 21 6 112 24 103 8 71 25 26 37 81 39 43 77 125 31 18 124 44 59 92 95 98 14 56 16 66 116 121 111 117 87 28 67 46 33 115 78 3 107 73 84 38 109 75 47 119 101 10 64 88 79 61 69 55 105 5 27 68 41 89 76 96 83 42 13 1 2 35 70 7 123 32 4 58 20 85 82 15 60 90 53 86 99 114 108 17 104 57 49 50 62 74 122 100 51 19 94 45 
97 9 91 40 36 34 23 118 63 120 54 12 30 110 80 113 22 48 65 102 72 52 106 93 11 29 21 6 112 24 103 8 71 25 26 37 81 39 43 77 125 31 18 124 44 59 92 95 98 14 56 16 66 116 121 111 117 87 28 67 46 33 115 78 3 107 73 84 38 109 75 47 119 101 10 64 88 79 61 69 55 105 5 27 68 41 89 76 96 83 42 13 1 2 35 15 7 123 32 4 58 20 85 82 70 60 90 53 86 99 114 108 17 104 57 49 50 62 74 122 100 51 19 94 45 
97 9 91 40 36 34 23 118 63 120 54 12 30 110 80 113 22 48 65 102 72 52 106 93 11 29 21 6 112 24 103 90 71 25 26 37 81 39 43 77 125 31 18 124 44 59 92 95 98 14 56 16 66 116 121 111 117 87 28 67 46 33 115 78 3 107 73 84 38 109 75 47 119 101 10 64 88 79 61 69 55 105 5 27 68 41 89 76 96 83 42 13 1 2 35 15 7 123 32 4 58 20 85 82 70 60 8 53 86 99 114 108 17 104 57 49 50 62 74 122 100 51 19 94 45 
97 65 91 40 36 34 23 118 63 120 54 12 30 110 80 113 22 48 9 102 72 52 106 93 11 29 21 6 112 24 103 90 71 25 26 37 81 39 43 77 125 31 18 124 44 59 92 95 98 14 56 16 66 116 121 111 117 87 28 67 46 33 115 78 3 107 73 84 38 109 75 47 119 101 10 64 88 79 61 69 55 105 5 27 68 41 89 76 96 83 42 13 1 2 35 15 7 123 32 4 58 20 85 82 70 60 8 53 86 99 114 108 17 104 57 49 50 62 74 122 100 51 19 94 45 
97 87 91 40 36 34 23 118 63 120 54 12 30 110 80 113 22 48 9 102 72 52 106 93 11 29 21 6 112 24 103 90 71 25 26 37 81 39 43 77 125 31 18 124 44 59 92 95 98 14 56 16 66 116 121 111 117 65 28 67 46 33 115 78 3 107 73 84 38 109 75 47 119 101 10 64 88 79 61 69 55 105 5 27 68 41 89 76 96 83 42 13 1 2 35 15 7 123 32 4 58 20 85 82 70 60 8 53 86 99 114 108 17 104 57 49 50 62 74 122 100 51 19 94 45 
61 87 91 40 36 34 23 118 63 120 54 12 30 110 80 113 22 48 9 102 72 52 106 93 11 29 21 6 112 24 103 90 71 25 26 37 81 39 43 77 125 31 18 124 44 59 92 95 98 14 56 16 66 116 121 111 117 65 28 67 46 33 115 78 3 107 73 84 38 109 75 47 119 101 10 64 88 79 97 69 55 105 5 27 68 41 89 76 96 83 42 13 1 2 35 15 7 123 32 4 58 20 85 82 70 60 8 53 86 99 114 108 17 104 57 49 50 62 74 122 100 51 19 94 45 
61 87 91 40 36 99 23 118 63 120 54 12 30 110 80 113 22 48 9 102 72 52 106 93 11 29 21 6 112 24 103 90 71 25 26 37 81 39 43 77 125 31 18 124 44 59 92 95 98 14 56 16 66 116 121 111 117 65 28 67 46 33 115 78 3 107 73 84 38 109 75 47 119 101 10 64 88 79 97 69 55 105 5 27 68 41 89 76 96 83 42 13 1 2 35 15 7 123 32 4 58 20 85 82 70 60 8 53 86 34 114 108 17 104 57 49 50 62 74 122 100 51 19 94 45 
61 87 91 40 36 99 108 118 63 120 54 12 30 110 80 113 22 48 9 102 72 52 106 93 11 29 21 6 112 24 103 90 71 25 26 37 81 39 43 77 125 31 18 124 44 59 92 95 98 14 56 16 66 116 121 111 117 65 28 67 46 33 115 78 3 107 73 84 38 109 75 47 119 101 10 64 88 79 97 69 55 105 5 27 68 41 89 76 96 83 42 13 1 2 35 15 7 123 32 4 58 20 85 82 70 60 8 53 86 34 114 23 17 104 57 49 50 62 74 122 100 51 19 94 45 
61 87 91 40 36 99 108 118 63 120 54 12 30 110 80 113 22 48 9 102 72 52 106 93 107 29 21 6 112 24 103 90 71 25 26 37 81 39 43 77 125 31 18 124 44 59 92 95 98 14 56 16 66 116 121 111 117 65 28 67 46 33 115 78 3 11 73 84 38 109 75 47 119 101 10 64 88 79 97 69 55 105 5 27 68 41 89 76 96 83 42 13 1 2 35 15 7 123 32 4 58 20 85 82 70 60 8 53 86 34 114 23 17 104 57 49 50 62 74 122 100 51 19 94 45 
61 87 91 40 36 99 108 52 63 120 54 12 30 110 80 113 22 48 9 102 72 118 106 93 107 29 21 6 112 24 103 90 71 25 26 37 81 39 43 77 125 31 18 124 44 59 92 95 98 14 56 16 66 116 121 111 117 65 28 67 46 33 115 78 3 11 73 84 38 109 75 47 119 101 10 64 88 79 97 69 55 105 5 27 68 41 89 76 96 83 42 13 1 2 35 15 7 123 32 4 58 20 85 82 70 60 8 53 86 34 114 23 17 104 57 49 50 62 74 122 100 51 19 94 45 
61 87 91 40 36 99 108 95 63 120 54 12 30 110 80 113 22 48 9 102 72 118 106 93 107 29 21 6 112 24 103 90 71 25 26 37 81 39 43 77 125 31 18 124 44 59 92 52 98 14 56 16 66 116 121 111 117 65 28 67 46 33 115 78 3 11 73 84 38 109 75 47 119 101 10 64 88 79 97 69 55 105 5 27 68 41 89 76 96 83 42 13 1 2 35 15 7 123 32 4 58 20 85 82 70 60 8 53 86 34 114 23 17 104 57 49 50 62 74 122 100 51 19 94 45 
61 87 36 40 91 99 108 95 63 120 54 12 30 110 80 113 22 48 9 102 72 118 106 93 107 29 21 6 112 24 103 90 71 25 26 37 81 39 43 77 125 31 18 124 44 59 92 52 98 14 56 16 66 116 121 111 117 65 28 67 46 33 115 78 3 11 73 84 38 109 75 47 119 101 10 64 88 79 97 69 55 105 5 27 68 41 89 76 96 83 42 13 1 2 35 15 7 123 32 4 58 20 85 82 70 60 8 53 86 34 114 23 17 104 57 49 50 62 74 122 100 51 19 94 45 
61 87 36 40 91 99 108 95 100 120 54 12 30 110 80 113 22 48 9 102 72 118 106 93 107 29 21 6 112 24 103 90 71 25 26 37 81 39 43 77 125 31 18 124 44 59 92 52 98 14 56 16 66 116 121 111 117 65 28 67 46 33 115 78 3 11 73 84 38 109 75 47 119 101 10 64 88 79 97 69 55 105 5 27 68 41 89 76 96 83 42 13 1 2 35 15 7 123 32 4 58 20 85 82 70 60 8 53 86 34 114 23 17 104 57 49 50 62 74 122 63 51 19 94 45 
61 87 36 40 91 99 108 95 100 120 77 12 30 110 80 113 22 48 9 102 72 118 106 93 107 29 21 6 112 24 103 90 71 25 26 37 81 39 43 54 125 31 18 124 44 59 92 52 98 14 56 16 66 116 121 111 117 65 28 67 46 33 115 78 3 11 73 84 38 109 75 47 119 101 10 64 88 79 97 69 55 105 5 27 68 41 89 76 96 83 42 13 1 2 35 15 7 123 32 4 58 20 85 82 70 60 8 53 86 34 114 23 17 104 57 49 50 62 74 122 63 51 19 94 45 
61 87 36 40 91 99 108 95 100 120 77 112 30 110 80 113 22 48 9 102 72 118 106 93 107 29 21 6 12 24 103 90 71 25 26 37 81 39 43 54 125 31 18 124 44 59 92 52 98 14 56 16 66 116 121 111 117 65 28 67 46 33 115 78 3 11 73 84 38 109 75 47 119 101 10 64 88 79 97 69 55 105 5 27 68 41 89 76 96 83 42 13 1 2 35 15 7 123 32 4 58 20 85 82 70 60 8 53 86 34 114 23 17 104 57 49 50 62 74 122 63 51 19 94 45 
61 87 36 40 91 99 108 95 100 120 77 18 30 110 80 113 22 48 9 102 72 118 106 93 107 29 21 6 12 24 103 90 71 25 26 37 81 39 43 54 125 31 112 124 44 59 92 52 98 14 56 16 66 116 121 111 117 65 28 67 46 33 115 78 3 11 73 84 38 109 75 47 119 101 10 64 88 79 97 69 55 105 5 27 68 41 89 76 96 83 42 13 1 2 35 15 7 123 32 4 58 20 85 82 70 60 8 53 86 34 114 23 17 104 57 49 50 62 74 122 63 51 19 94 45 
61 87 36 40 91 99 108 95 100 120 77 18 30 110 80 6 22 48 9 102 72 118 106 93 107 29 21 113 12 24 103 90 71 25 26 37 81 39 43 54 125 31 112 124 44 59 92 52 98 14 56 16 66 116 121 111 117 65 28 67 46 33 115 78 3 11 73 84 38 109 75 47 119 101 10 64 88 79 97 69 55 105 5 27 68 41 89 76 96 83 42 13 1 2 35 15 7 123 32 4 58 20 85 82 70 60 8 53 86 34 114 23 17 104 57 49 50 62 74 122 63 51 19 94 45 
61 87 36 40 91 99 108 95 100 120 77 18 30 110 80 76 22 48 9 102 72 118 106 93 107 29 21 113 12 24 103 90 71 25 26 37 81 39 43 54 125 31 112 124 44 59 92 52 98 14 56 16 66 116 121 111 117 65 28 67 46 33 115 78 3 11 73 84 38 109 75 47 119 101 10 64 88 79 97 69 55 105 5 27 68 41 89 6 96 83 42 13 1 2 35 15 7 123 32 4 58 20 85 82 70 60 8 53 86 34 114 23 17 104 57 49 50 62 74 122 63 51 19 94 45 
61 87 36 40 91 99 108 95 100 120 77 18 30 110 80 76 22 106 9 102 72 118 48 93 107 29 21 113 12 24 103 90 71 25 26 37 81 39 43 54 125 31 112 124 44 59 92 52 98 14 56 16 66 116 121 111 117 65 28 67 46 33 115 78 3 11 73 84 38 109 75 47 119 101 10 64 88 79 97 69 55 105 5 27 68 41 89 6 96 83 42 13 1 2 35 15 7 123 32 4 58 20 85 82 70 60 8 53 86 34 114 23 17 104 57 49 50 62 74 122 63 51 19 94 45 
61 87 36 40 91 99 108 95 100 120 77 18 30 110 80 76 22 106 9 102 72 118 48 56 107 29 21 113 12 24 103 90 71 25 26 37 81 39 43 54 125 31 112 124 44 59 92 52 98 14 93 16 66 116 121 111 117 65 28 67 46 33 115 78 3 11 73 84 38 109 75 47 119 101 10 64 88 79 97 69 55 105 5 27 68 41 89 6 96 83 42 13 1 2 35 15 7 123 32 4 58 20 85 82 70 60 8 53 86 34 114 23 17 104 57 49 50 62 74 122 63 51 19 94 45 
61 87 36 40 91 99 108 95 100 120 77 18 30 110 80 76 22 106 9 102 72 118 48 56 107 29 21 113 12 121 103 90 71 25 26 37 81 39 43 54 125 31 112 124 44 59 92 52 98 14 93 16 66 116 24 111 117 65 28 67 46 33 115 78 3 11 73 84 38 109 75 47 119 101 10 64 88 79 97 69 55 105 5 27 68 41 89 6 96 83 42 13 1 2 35 15 7 123 32 4 58 20 85 82 70 60 8 53 86 34 114 23 17 104 57 49 50 62 74 122 63 51 19 94 45 
61 87 36 40 91 99 108 95 100 120 77 18 30 110 80 76 22 106 9 102 72 118 29 56 107 48 21 113 12 121 103 90 71 25 26 37 81 39 43 54 125 31 112 124 44 59 92 52 98 14 93 16 66 116 24 111 117 65 28 67 46 33 115 78 3 11 73 84 38 109 75 47 119 101 10 64 88 79 97 69 55 105 5 27 68 41 89 6 96 83 42 13 1 2 35 15 7 123 32 4 58 20 85 82 70 60 8 53 86 34 114 23 17 104 57 49 50 62 74 122 63 51 19 94 45 
61 87 36 40 91 99 108 95 100 120 77 18 30 110 80 76 22 106 9 102 72 51 29 56 107 48 21 113 12 121 103 90 71 25 26 37 81 39 43 54 125 31 112 124 44 59 92 52 98 14 93 16 66 116 24 111 117 65 28 67 46 33 115 78 3 11 73 84 38 109 75 47 119 101 10 64 88 79 97 69 55 105 5 27 68 41 89 6 96 83 42 13 1 2 35 15 7 123 32 4 58 20 85 82 70 60 8 53 86 34 114 23 17 104 57 49 50 62 74 122 63 118 19 94 45 
61 87 36 40 91 99 108 95 100 120 77 18 30 110 80 76 22 106 9 102 72 51 29 56 107 48 21 113 12 121 103 90 71 25 26 37 81 39 3 54 125 31 112 124 44 59 92 52 98 14 93 16 66 116 24 111 117 65 28 67 46 33 115 78 43 11 73 84 38 109 75 47 119 101 10 64 88 79 97 69 55 105 5 27 68 41 89 6 96 83 42 13 1 2 35 15 7 123 32 4 58 20 85 82 70 60 8 53 86 34 114 23 17 104 57 49 50 62 74 122 63 118 19 94 45 
61 87 36 40 91 99 108 95 100 120 77 18 30 110 80 76 22 106 9 102 72 51 29 56 107 48 21 113 12 121 103 90 71 25 26 37 81 39 3 54 69 31 112 124 44 59 92 52 98 14 93 16 66 116 24 111 117 65 28 67 46 33 115 78 43 11 73 84 38 109 75 47 119 101 10 64 88 79 97 125 55 105 5 27 68 41 89 6 96 83 42 13 1 2 35 15 7 123 32 4 58 20 85 82 70 60 8 53 86 34 114 23 17 104 57 49 50 62 74 122 63 118 19 94 45 
61 87 36 40 91 99 108 95 100 120 77 18 30 110 80 76 22 106 9 102 72 51 29 56 107 48 21 113 12 121 103 90 71 25 26 37 81 39 3 54 69 31 112 124 117 59 92 52 98 14 93 16 66 116 24 111 44 65 28 67 46 33 115 78 43 11 73 84 38 109 75 47 119 101 10 64 88 79 97 125 55 105 5 27 68 41 89 6 96 83 42 13 1 2 35 15 7 123 32 4 58 20 85 82 70 60 8 53 86 34 114 23 17 104 57 49 50 62 74 122 63 118 19 94 45 
61 87 36 40 91 99 108 95 100 120 77 18 30 110 80 76 22 106 9 102 72 51 29 56 107 48 21 113 12 121 103 90 71 25 26 37 81 39 3 54 69 31 112 124 49 59 92 52 98 14 93 16 66 116 24 111 44 65 28 67 46 33 115 78 43 11 73 84 38 109 75 47 119 101 10 64 88 79 97 125 55 105 5 27 68 41 89 6 96 83 42 13 1 2 35 15 7 123 32 4 58 20 85 82 70 60 8 53 86 34 114 23 17 104 57 117 50 62 74 122 63 118 19 94 45 
61 87 36 40 91 99 108 95 100 120 77 18 30 110 80 76 22 106 9 102 72 51 29 56 107 48 21 113 12 121 103 90 71 25 26 37 81 39 3 105 69 31 112 124 49 59 92 52 98 14 93 16 66 116 24 111 44 65 28 67 46 33 115 78 43 11 73 84 38 109 75 47 119 101 10 64 88 79 97 125 55 54 5 27 68 41 89 6 96 83 42 13 1 2 35 15 7 123 32 4 58 20 85 82 70 60 8 53 86 34 114 23 17 104 57 117 50 62 74 122 63 118 19 94 45 
61 87 36 40 91 99 108 95 100 120 77 18 30 110 80 76 22 106 9 102 72 51 29 56 107 48 21 113 12 121 103 90 71 25 26 37 81 39 53 105 69 31 112 124 49 59 92 52 98 14 93 16 66 116 24 111 44 65 28 67 46 33 115 78 43 11 73 84 38 109 75 47 119 101 10 64 88 79 97 125 55 54 5 27 68 41 89 6 96 83 42 13 1 2 35 15 7 123 32 4 58 20 85 82 70 60 8 3 86 34 114 23 17 104 57 117 50 62 74 122 63 118 19 94 45 
61 87 36 40 91 99 108 95 100 120 77 18 30 110 80 76 22 106 9 102 72 51 29 56 107 48 21 113 12 121 103 90 71 25 26 37 81 39 53 105 69 31 112 124 49 59 92 52 98 14 93 16 66 116 24 111 44 65 28 67 46 33 115 78 43 11 73 84 38 109 75 47 74 101 10 64 88 79 97 125 55 54 5 27 68 41 89 6 96 83 42 13 1 2 35 15 7 123 32 4 58 20 85 82 70 60 8 3 86 34 114 23 17 104 57 117 50 62 119 122 63 118 19 94 45 
61 87 36 40 91 99 108 95 100 120 77 18 30 110 80 76 22 106 9 102 72 51 29 56 107 48 21 113 12 121 103 90 71 25 26 37 81 39 53 105 69 31 112 124 49 59 92 52 98 14 93 16 66 116 24 111 44 65 28 67 46 33 115 78 43 11 73 84 38 109 75 47 74 55 10 64 88 79 97 125 101 54 5 27 68 41 89 6 96 83 42 13 1 2 35 15 7 123 32 4 58 20 85 82 70 60 8 3 86 34 114 23 17 104 57 117 50 62 119 122 63 118 19 94 45 
61 87 36 40 91 99 108 95 100 120 77 18 30 110 80 76 22 106 9 102 72 51 29 56 107 48 21 113 12 121 103 90 71 25 26 37 81 39 53 105 69 31 112 124 49 59 92 52 98 14 93 16 66 116 24 111 44 65 28 67 46 33 115 78 43 11 73 84 38 109 75 47 74 55 64 10 88 79 97 125 101 54 5 27 68 41 89 6 96 83 42 13 1 2 35 15 7 123 32 4 58 20 85 82 70 60 8 3 86 34 114 23 17 104 57 117 50 62 119 122 63 118 19 94 45 
61 87 36 40 91 99 108 95 100 120 77 18 30 110 80 76 22 106 9 102 72 51 29 56 107 48 21 113 12 121 103 90 71 25 26 37 81 39 53 105 69 31 112 124 49 59 92 52 98 14 93 16 66 116 24 111 44 65 28 67 46 33 115 78 43 11 73 84 38 109 75 47 74 55 64 10 88 15 97 125 101 54 5 27 68 41 89 6 96 83 42 13 1 2 35 79 7 123 32 4 58 20 85 82 70 60 8 3 86 34 114 23 17 104 57 117 50 62 119 122 63 118 19 94 45 
61 87 36 40 91 99 108 95 100 120 77 18 30 110 80 76 22 106 9 102 72 51 29 56 107 48 21 113 12 121 103 90 71 25 26 37 81 39 53 105 69 31 112 124 49 59 92 52 98 14 93 16 66 116 24 111 44 65 28 67 46 33 115 78 43 11 73 84 38 109 75 47 74 55 64 10 88 15 97 125 101 54 5 27 68 41 89 6 96 83 42 13 1 2 35 3 7 123 32 4 58 20 85 82 70 60 8 79 86 34 114 23 17 104 57 117 50 62 119 122 63 118 19 94 45 
61 87 36 40 91 99 108 95 100 120 77 18 30 110 80 76 22 106 9 102 72 51 29 56 107 48 21 113 12 121 103 90 71 25 26 37 81 39 53 105 69 31 112 124 49 59 92 52 98 14 93 16 66 116 24 111 44 65 28 67 46 33 115 78 43 11 73 84 38 109 75 47 74 55 64 10 88 15 97 125 101 54 5 27 68 41 89 6 96 83 42 13 1 2 35 3 7 123 45 4 58 20 85 82 70 60 8 79 86 34 114 23 17 104 57 117 50 62 119 122 63 118 19 94 32 
61 87 36 40 91 99 108 95 100 120 77 18 30 110 80 76 22 106 9 102 72 51 29 56 107 48 21 113 12 121 103 90 71 25 26 37 81 39 53 105 69 31 112 124 49 59 92 52 98 14 93 16 66 116 24 111 44 65 28 67 46 33 115 78 43 11 73 84 38 109 75 47 74 55 64 10 88 15 97 125 101 54 5 27 68 41 89 6 96 83 42 13 1 2 35 3 7 123 45 4 58 20 85 82 70 60 19 79 86 34 114 23 17 104 57 117 50 62 119 122 63 118 8 94 32 
61 87 36 40 91 99 108 95 100 120 77 18 30 110 80 76 22 106 9 102 72 51 29 56 107 48 21 113 12 121 103 90 71 25 26 37 81 39 53 105 69 31 112 124 49 59 92 52 98 14 93 16 66 116 24 111 44 65 28 67 46 33 115 78 43 11 73 84 38 109 75 47 74 55 64 10 88 15 97 125 101 54 5 27 68 41 89 6 96 83 42 13 1 2 35 3 7 86 45 4 58 20 85 82 70 60 19 79 123 34 114 23 17 104 57 117 50 62 119 122 63 118 8 94 32 
