53 86 13 20 78 112 1 46 56 95 110 119 17 80 12 44 99 50 33 7 77 35 113 83 81 106 71 5 125 122 29 55 52 97 49 100 2 88 37 105 120 32 102 118 84 3 76 79 104 40 89 10 72 8 6 116 43 74 69 19 114 4 94 15 107 101 11 24 68 87 96 111 21 62 108 59 65 91 23 61 123 54 121 115 109 36 57 98 41 93 42 25 90 14 27 124 64 18 22 63 82 70 103 26 31 38 16 28 60 51 66 34 47 92 85 75 67 117 30 45 48 58 39 9 73 
118 86 13 20 78 112 1 46 56 95 110 119 17 80 12 44 99 50 33 7 77 35 113 83 81 106 71 5 125 122 29 55 52 97 49 100 2 88 37 105 120 32 102 53 84 3 76 79 104 40 89 10 72 8 6 116 43 74 69 19 114 4 94 15 107 101 11 24 68 87 96 111 21 62 108 59 65 91 23 61 123 54 121 115 109 36 57 98 41 93 42 25 90 14 27 124 64 18 22 63 82 70 103 26 31 38 16 28 60 51 66 34 47 92 85 75 67 117 30 45 48 58 39 9 73 
118 86 13 20 78 112 1 46 56 95 110 119 17 80 12 44 99 50 115 7 77 35 113 83 81 106 71 5 125 122 29 55 52 97 49 100 2 88 37 105 120 32 102 53 84 3 76 79 104 40 89 10 72 8 6 116 43 74 69 19 114 4 94 15 107 101 11 24 68 87 96 111 21 62 108 59 65 91 23 61 123 54 121 33 109 36 57 98 41 93 42 25 90 14 27 124 64 18 22 63 82 70 103 26 31 38 16 28 60 51 66 34 47 92 85 75 67 117 30 45 48 58 39 9 73 
118 86 13 20 78 112 1 46 56 95 110 119 17 80 12 44 99 50 115 7 77 35 113 83 81 106 71 5 125 122 29 55 52 97 49 100 2 107 37 105 120 32 102 53 84 3 76 79 104 40 89 10 72 8 6 116 43 74 69 19 114 4 94 15 88 101 11 24 68 87 96 111 21 62 108 59 65 91 23 61 123 54 121 33 109 36 57 98 41 93 42 25 90 14 27 124 64 18 22 63 82 70 103 26 31 38 16 28 60 51 66 34 47 92 85 75 67 117 30 45 48 58 39 9 73 
118 86 13 20 78 112 1 46 56 95 110 119 17 80 12 44 99 50 115 7 77 35 113 83 81 106 71 5 125 76 29 55 52 97 49 100 2 107 37 105 120 32 102 53 84 3 122 79 104 40 89 10 72 8 6 116 43 74 69 19 114 4 94 15 88 101 11 24 68 87 96 111 21 62 108 59 65 91 23 61 123 54 121 33 109 36 57 98 41 93 42 25 90 14 27 124 64 18 22 63 82 70 103 26 31 38 16 28 60 51 66 34 47 92 85 75 67 117 30 45 48 58 39 9 73 
118 86 13 20 78 112 1 46 56 95 110 119 17 80 12 44 99 50 115 7 77 35 113 83 81 106 71 5 125 76 29 55 52 97 49 100 2 107 37 105 120 32 102 53 84 3 122 79 104 40 89 10 72 8 6 116 43 68 69 19 114 4 94 15 88 101 11 24 74 87 96 111 21 62 108 59 65 91 23 61 123 54 121 33 109 36 57 98 41 93 42 25 90 14 27 124 64 18 22 63 82 70 103 26 31 38 16 28 60 51 66 34 47 92 85 75 67 117 30 45 48 58 39 9 73 
118 86 13 20 78 112 1 46 56 95 110 119 17 80 12 44 99 50 115 7 77 35 113 83 81 106 71 5 125 76 29 55 52 97 49 100 2 107 37 105 120 32 102 53 84 3 122 79 104 40 89 10 72 8 6 116 43 68 69 19 114 4 94 15 88 101 11 24 74 87 96 111 21 62 108 59 65 91 23 61 123 54 121 33 109 36 57 117 41 93 42 25 90 14 27 124 64 18 22 63 82 70 103 26 31 38 16 28 60 51 66 34 47 92 85 75 67 98 30 45 48 58 39 9 73 
118 86 13 20 78 112 1 46 56 95 110 119 17 80 12 44 99 50 115 7 77 35 113 83 81 106 71 5 125 76 29 55 52 97 49 100 2 107 37 105 120 32 102 53 84 3 122 124 104 40 89 10 72 8 6 116 43 68 69 19 114 4 94 15 88 101 11 24 74 87 96 111 21 62 108 59 65 91 23 61 123 54 121 33 109 36 57 117 41 93 42 25 90 14 27 79 64 18 22 63 82 70 103 26 31 38 16 28 60 51 66 34 47 92 85 75 67 98 30 45 48 58 39 9 73 
118 86 13 20 78 108 1 46 56 95 110 119 17 80 12 44 99 50 115 7 77 35 113 83 81 106 71 5 125 76 29 55 52 97 49 100 2 107 37 105 120 32 102 53 84 3 122 124 104 40 89 10 72 8 6 116 43 68 69 19 114 4 94 15 88 101 11 24 74 87 96 111 21 62 112 59 65 91 23 61 123 54 121 33 109 36 57 117 41 93 42 25 90 14 27 79 64 18 22 63 82 70 103 26 31 38 16 28 60 51 66 34 47 92 85 75 67 98 30 45 48 58 39 9 73 
118 86 13 20 78 108 37 46 56 95 110 119 17 80 12 44 99 50 115 7 77 35 113 83 81 106 71 5 125 76 29 55 52 97 49 100 2 107 1 105 120 32 102 53 84 3 122 124 104 40 89 10 72 8 6 116 43 68 69 19 114 4 94 15 88 101 11 24 74 87 96 111 21 62 112 59 65 91 23 61 123 54 121 33 109 36 57 117 41 93 42 25 90 14 27 79 64 18 22 63 82 70 103 26 31 38 16 28 60 51 66 34 47 92 85 75 67 98 30 45 48 58 39 9 73 
118 86 13 20 78 108 10 46 56 95 110 119 17 80 12 44 99 50 115 7 77 35 113 83 81 106 71 5 125 76 29 55 52 97 49 100 2 107 1 105 120 32 102 53 84 3 122 124 104 40 89 37 72 8 6 116 43 68 69 19 114 4 94 15 88 101 11 24 74 87 96 111 21 62 112 59 65 91 23 61 123 54 121 33 109 36 57 117 41 93 42 25 90 14 27 79 64 18 22 63 82 70 103 26 31 38 16 28 60 51 66 34 47 92 85 75 67 98 30 45 48 58 39 9 73 
118 86 13 20 78 108 10 46 56 95 87 119 17 80 12 44 99 50 115 7 77 35 113 83 81 106 71 5 125 76 29 55 52 97 49 100 2 107 1 105 120 32 102 53 84 3 122 124 104 40 89 37 72 8 6 116 43 68 69 19 114 4 94 15 88 101 11 24 74 110 96 111 21 62 112 59 65 91 23 61 123 54 121 33 109 36 57 117 41 93 42 25 90 14 27 79 64 18 22 63 82 70 103 26 31 38 16 28 60 51 66 34 47 92 85 75 67 98 30 45 48 58 39 9 73 
118 86 13 20 78 108 10 46 56 95 87 119 17 80 12 44 99 50 115 7 77 59 113 83 81 106 71 5 125 76 29 55 52 97 49 100 2 107 1 105 120 32 102 53 84 3 122 124 104 40 89 37 72 8 6 116 43 68 69 19 114 4 94 15 88 101 11 24 74 110 96 111 21 62 112 35 65 91 23 61 123 54 121 33 109 36 57 117 41 93 42 25 90 14 27 79 64 18 22 63 82 70 103 26 31 38 16 28 60 51 66 34 47 92 85 75 67 98 30 45 48 58 39 9 73 
118 86 13 20 78 108 10 46 56 95 87 119 17 80 12 44 99 50 115 7 77 59 113 16 81 106 71 5 125 76 29 55 52 97 49 100 2 107 1 105 120 32 102 53 84 3 122 124 104 40 89 37 72 8 6 116 43 68 69 19 114 4 94 15 88 101 11 24 74 110 96 111 21 62 112 35 65 91 23 61 123 54 121 33 109 36 57 117 41 93 42 25 90 14 27 79 64 18 22 63 82 70 103 26 31 38 83 28 60 51 66 34 47 92 85 75 67 98 30 45 48 58 39 9 73 
118 86 13 20 78 108 10 46 56 95 87 119 17 80 12 44 99 50 115 7 77 59 113 16 81 63 71 5 125 76 29 55 52 97 49 100 2 107 1 105 120 32 102 53 84 3 122 124 104 40 89 37 72 8 6 116 43 68 69 19 114 4 94 15 88 101 11 24 74 110 96 111 21 62 112 35 65 91 23 61 123 54 121 33 109 36 57 117 41 93 42 25 90 14 27 79 64 18 22 106 82 70 103 26 31 38 83 28 60 51 66 34 47 92 85 75 67 98 30 45 48 58 39 9 73 
118 86 13 20 78 108 10 46 56 95 87 119 17 80 12 44 99 50 115 7 77 59 113 16 81 63 71 54 125 76 29 55 52 97 49 100 2 107 1 105 120 32 102 53 84 3 122 124 104 40 89 37 72 8 6 116 43 68 69 19 114 4 94 15 88 101 11 24 74 110 96 111 21 62 112 35 65 91 23 61 123 5 121 33 109 36 57 117 41 93 42 25 90 14 27 79 64 18 22 106 82 70 103 26 31 38 83 28 60 51 66 34 47 92 85 75 67 98 30 45 48 58 39 9 73 
118 86 13 20 78 108 10 46 56 95 87 119 17 80 12 44 99 50 115 7 77 59 113 16 81 63 71 48 125 76 29 55 52 97 49 100 2 107 1 105 120 32 102 53 84 3 122 124 104 40 89 37 72 8 6 116 43 68 69 19 114 4 94 15 88 101 11 24 74 110 96 111 21 62 112 35 65 91 23 61 123 5 121 33 109 36 57 117 41 93 42 25 90 14 27 79 64 18 22 106 82 70 103 26 31 38 83 28 60 51 66 34 47 92 85 75 67 98 30 45 54 58 39 9 73 
118 86 13 20 78 108 10 46 56 95 87 119 17 80 12 44 99 50 115 7 77 59 113 16 81 63 71 48 57 76 29 55 52 97 49 100 2 107 1 105 120 32 102 53 84 3 122 124 104 40 89 37 72 8 6 116 43 68 69 19 114 4 94 15 88 101 11 24 74 110 96 111 21 62 112 35 65 91 23 61 123 5 121 33 109 36 125 117 41 93 42 25 90 14 27 79 64 18 22 106 82 70 103 26 31 38 83 28 60 51 66 34 47 92 85 75 67 98 30 45 54 58 39 9 73 
118 86 13 20 78 108 10 46 56 95 87 119 17 80 12 44 99 50 115 7 77 59 113 16 81 63 71 48 57 76 29 55 52 97 49 100 2 107 1 105 120 32 96 53 84 3 122 124 104 40 89 37 72 8 6 116 43 68 69 19 114 4 94 15 88 101 11 24 74 110 102 111 21 62 112 35 65 91 23 61 123 5 121 33 109 36 125 117 41 93 42 25 90 14 27 79 64 18 22 106 82 70 103 26 31 38 83 28 60 51 66 34 47 92 85 75 67 98 30 45 54 58 39 9 73 
118 86 13 20 78 108 10 46 56 95 87 119 17 80 12 44 99 7 115 50 77 59 113 16 81 63 71 48 57 76 29 55 52 97 49 100 2 107 1 105 120 32 96 53 84 3 122 124 104 40 89 37 72 8 6 116 43 68 69 19 114 4 94 15 88 101 11 24 74 110 102 111 21 62 112 35 65 91 23 61 123 5 121 33 109 36 125 117 41 93 42 25 90 14 27 79 64 18 22 106 82 70 103 26 31 38 83 28 60 51 66 34 47 92 85 75 67 98 30 45 54 58 39 9 73 
118 86 13 20 78 108 10 46 56 95 87 119 17 80 12 44 99 7 115 50 77 59 113 16 81 63 71 48 57 76 29 55 52 97 49 100 2 107 1 105 120 32 96 53 6 3 122 124 104 40 89 37 72 8 84 116 43 68 69 19 114 4 94 15 88 101 11 24 74 110 102 111 21 62 112 35 65 91 23 61 123 5 121 33 109 36 125 117 41 93 42 25 90 14 27 79 64 18 22 106 82 70 103 26 31 38 83 28 60 51 66 34 47 92 85 75 67 98 30 45 54 58 39 9 73 
118 86 13 20 78 108 10 46 56 95 87 119 17 80 12 44 99 7 115 50 77 59 113 16 81 63 71 48 57 76 29 55 52 97 49 100 2 107 1 105 120 32 96 53 6 3 122 124 26 40 89 37 72 8 84 116 43 68 69 19 114 4 94 15 88 101 11 24 74 110 102 111 21 62 112 35 65 91 23 61 123 5 121 33 109 36 125 117 41 93 42 25 90 14 27 79 64 18 22 106 82 70 103 104 31 38 83 28 60 51 66 34 47 92 85 75 67 98 30 45 54 58 39 9 73 
118 86 13 20 78 108 10 46 56 95 87 119 17 80 12 44 99 7 115 50 77 59 113 110 81 63 71 48 57 76 29 55 52 97 49 100 2 107 1 105 120 32 96 53 6 3 122 124 26 40 89 37 72 8 84 116 43 68 69 19 114 4 94 15 88 101 11 24 74 16 102 111 21 62 112 35 65 91 23 61 123 5 121 33 109 36 125 117 41 93 42 25 90 14 27 79 64 18 22 106 82 70 103 104 31 38 83 28 60 51 66 34 47 92 85 75 67 98 30 45 54 58 39 9 73 
118 86 13 20 78 108 10 46 56 95 87 119 17 80 12 44 99 7 115 50 77 59 113 110 81 63 71 48 57 76 29 55 52 97 49 100 2 107 1 105 120 32 96 53 6 3 122 124 26 40 89 62 72 8 84 116 43 68 69 19 114 4 94 15 88 101 11 24 74 16 102 111 21 37 112 35 65 91 23 61 123 5 121 33 109 36 125 117 41 93 42 25 90 14 27 79 64 18 22 106 82 70 103 104 31 38 83 28 60 51 66 34 47 92 85 75 67 98 30 45 54 58 39 9 73 
118 86 13 20 78 108 10 46 56 95 87 119 17 80 12 44 99 7 115 50 77 59 113 110 81 63 71 48 57 76 29 55 52 97 49 100 2 107 1 105 120 32 96 53 6 3 122 124 65 40 89 62 72 8 84 116 43 68 69 19 114 4 94 15 88 101 11 24 74 16 102 111 21 37 112 35 26 91 23 61 123 5 121 33 109 36 125 117 41 93 42 25 90 14 27 79 64 18 22 106 82 70 103 104 31 38 83 28 60 51 66 34 47 92 85 75 67 98 30 45 54 58 39 9 73 
118 86 13 20 78 108 10 46 56 95 87 119 17 80 12 44 99 7 115 50 77 59 113 110 81 63 71 48 57 76 29 55 52 97 49 100 2 107 1 105 120 32 96 53 6 3 122 124 34 40 89 62 72 8 84 116 43 68 69 19 114 4 94 15 88 101 11 24 74 16 102 111 21 37 112 35 26 91 23 61 123 5 121 33 109 36 125 117 41 93 42 25 90 14 27 79 64 18 22 106 82 70 103 104 31 38 83 28 60 51 66 65 47 92 85 75 67 98 30 45 54 58 39 9 73 
118 86 13 20 78 108 10 46 56 95 87 119 17 80 12 44 99 7 115 50 77 59 113 110 81 63 71 48 57 76 29 55 52 97 49 100 2 107 1 105 120 40 96 53 6 3 122 124 34 32 89 62 72 8 84 116 43 68 69 19 114 4 94 15 88 101 11 24 74 16 102 111 21 37 112 35 26 91 23 61 123 5 121 33 109 36 125 117 41 93 42 25 90 14 27 79 64 18 22 106 82 70 103 104 31 38 83 28 60 51 66 65 47 92 85 75 67 98 30 45 54 58 39 9 73 
118 86 13 20 78 108 10 46 56 95 87 119 17 80 12 44 99 7 115 50 77 59 113 110 81 63 71 48 57 76 29 55 52 97 49 100 2 107 1 105 120 40 96 53 6 3 122 124 34 32 89 62 72 8 84 116 43 68 69 19 114 4 94 15 88 101 11 24 74 16 102 111 21 37 92 35 26 91 23 61 123 5 121 33 109 36 125 117 41 93 42 25 90 14 27 79 64 18 22 106 82 70 103 104 31 38 83 28 60 51 66 65 47 112 85 75 67 98 30 45 54 58 39 9 73 
118 86 13 20 78 108 10 46 56 95 87 119 17 80 12 44 99 7 115 50 77 59 113 110 81 63 71 48 57 76 29 55 52 97 49 100 2 107 1 105 120 40 96 53 6 3 122 124 34 32 89 62 72 8 84 116 43 68 69 19 114 4 94 15 88 101 11 24 74 16 102 111 21 106 92 35 26 91 23 61 123 5 121 33 109 36 125 117 41 93 42 25 90 14 27 79 64 18 22 37 82 70 103 104 31 38 83 28 60 51 66 65 47 112 85 75 67 98 30 45 54 58 39 9 73 
118 86 13 20 78 108 10 46 56 95 87 119 17 80 12 44 99 7 115 50 77 59 18 110 81 63 71 48 57 76 29 55 52 97 49 100 2 107 1 105 120 40 96 53 6 3 122 124 34 32 89 62 72 8 84 116 43 68 69 19 114 4 94 15 88 101 11 24 74 16 102 111 21 106 92 35 26 91 23 61 123 5 121 33 109 36 125 117 41 93 42 25 90 14 27 79 64 113 22 37 82 70 103 104 31 38 83 28 60 51 66 65 47 112 85 75 67 98 30 45 54 58 39 9 73 
118 86 13 20 78 108 10 46 56 95 87 119 17 80 12 44 99 7 115 50 77 59 18 110 81 63 71 48 57 76 29 55 52 97 49 100 2 107 1 105 120 40 96 53 6 3 122 124 34 32 89 62 72 8 84 116 43 68 69 19 114 4 94 15 88 101 11 24 74 16 102 111 21 106 92 35 26 85 23 61 123 5 121 33 109 36 125 117 41 93 42 25 90 14 27 79 64 113 22 37 82 70 103 104 31 38 83 28 60 51 66 65 47 112 91 75 67 98 30 45 54 58 39 9 73 
118 86 13 20 78 108 10 46 56 95 87 119 17 80 12 44 99 7 115 50 77 59 18 110 81 63 71 48 57 76 29 55 52 97 49 100 2 107 1 105 120 40 96 53 6 3 122 124 34 32 89 62 72 8 84 116 43 68 69 19 114 4 94 15 88 101 11 24 74 16 102 111 21 106 92 35 26 85 23 61 123 5 121 33 109 36 125 117 41 93 42 25 90 14 27 79 64 113 22 37 82 70 103 104 31 38 83 28 60 51 66 65 47 112 91 75 67 98 30 45 54 58 39 9 73 
118 86 13 20 78 108 10 46 56 95 87 119 17 80 12 44 99 7 115 50 77 59 18 110 81 63 71 48 57 76 29 55 52 97 49 100 2 107 1 105 120 40 96 53 6 3 122 124 34 32 89 62 72 8 84 116 43 68 69 19 114 4 94 15 88 101 11 24 74 16 102 111 21 106 92 35 26 85 23 61 123 5 121 33 109 36 125 117 41 93 42 25 90 14 27 79 64 113 22 37 82 70 103 104 31 38 83 28 60 51 66 65 47 112 91 75 67 98 30 45 54 58 39 9 73 
68 105 72 86 73 20 80 12 74 42 82 16 94 118 63 49 120 60 121 28 103 110 106 40 56 96 124 116 54 111 115 125 41 98 33 37 93 34 84 65 108 78 5 112 47 51 67 18 75 69 66 55 57 88 35 14 52 62 114 87 31 71 123 27 109 58 76 17 50 92 79 24 59 36 1 10 89 64 9 46 6 83 90 3 99 104 26 97 122 77 23 8 113 4 101 19 100 32 7 61 29 21 70 117 39 2 119 102 11 44 38 15 85 25 53 95 48 45 30 43 81 91 22 107 13 
29 105 72 86 73 20 80 12 74 42 82 16 94 118 63 49 120 60 121 28 103 110 106 40 56 96 124 116 54 111 115 125 41 98 33 37 93 34 84 65 108 78 5 112 47 51 67 18 75 69 66 55 57 88 35 14 52 62 114 87 31 71 123 27 109 58 76 17 50 92 79 24 59 36 1 10 89 64 9 46 6 83 90 3 99 104 26 97 122 77 23 8 113 4 101 19 100 32 7 61 68 21 70 117 39 2 119 102 11 44 38 15 85 25 53 95 48 45 30 43 81 91 22 107 13 
29 105 72 86 73 20 80 47 74 42 82 16 94 118 63 49 120 60 121 28 103 110 106 40 56 96 124 116 54 111 115 125 41 98 33 37 93 34 84 65 108 78 5 112 12 51 67 18 75 69 66 55 57 88 35 14 52 62 114 87 31 71 123 27 109 58 76 17 50 92 79 24 59 36 1 10 89 64 9 46 6 83 90 3 99 104 26 97 122 77 23 8 113 4 101 19 100 32 7 61 68 21 70 117 39 2 119 102 11 44 38 15 85 25 53 95 48 45 30 43 81 91 22 107 13 
29 105 8 86 73 20 80 47 74 42 82 16 94 118 63 49 120 60 121 28 103 110 106 40 56 96 124 116 54 111 115 125 41 98 33 37 93 34 84 65 108 78 5 112 12 51 67 18 75 69 66 55 57 88 35 14 52 62 114 87 31 71 123 27 109 58 76 17 50 92 79 24 59 36 1 10 89 64 9 46 6 83 90 3 99 104 26 97 122 77 23 72 113 4 101 19 100 32 7 61 68 21 70 117 39 2 119 102 11 44 38 15 85 25 53 95 48 45 30 43 81 91 22 107 13 
29 105 8 86 87 20 80 47 74 42 82 16 94 118 63 49 120 60 121 28 103 110 106 40 56 96 124 116 54 111 115 125 41 98 33 37 93 34 84 65 108 78 5 112 12 51 67 18 75 69 66 55 57 88 35 14 52 62 114 73 31 71 123 27 109 58 76 17 50 92 79 24 59 36 1 10 89 64 9 46 6 83 90 3 99 104 26 97 122 77 23 72 113 4 101 19 100 32 7 61 68 21 70 117 39 2 119 102 11 44 38 15 85 25 53 95 48 45 30 43 81 91 22 107 13 
29 105 8 86 87 20 80 47 74 42 82 16 94 118 63 49 120 60 121 67 103 110 106 40 56 96 124 116 54 111 115 125 41 98 33 37 93 34 84 65 108 78 5 112 12 51 28 18 75 69 66 55 57 88 35 14 52 62 114 73 31 71 123 27 109 58 76 17 50 92 79 24 59 36 1 10 89 64 9 46 6 83 90 3 99 104 26 97 122 77 23 72 113 4 101 19 100 32 7 61 68 21 70 117 39 2 119 102 11 44 38 15 85 25 53 95 48 45 30 43 81 91 22 107 13 
86 105 8 29 87 20 80 47 74 42 82 16 94 118 63 49 120 60 121 67 103 110 106 40 56 96 124 116 54 111 115 125 41 98 33 37 93 34 84 65 108 78 5 112 12 51 28 18 75 69 66 55 57 88 35 14 52 62 114 73 31 71 123 27 109 58 76 17 50 92 79 24 59 36 1 10 89 64 9 46 6 83 90 3 99 104 26 97 122 77 23 72 113 4 101 19 100 32 7 61 68 21 70 117 39 2 119 102 11 44 38 15 85 25 53 95 48 45 30 43 81 91 22 107 13 
86 105 8 29 87 72 80 47 74 42 82 16 94 118 63 49 120 60 121 67 103 110 106 40 56 96 124 116 54 111 115 125 41 98 33 37 93 34 84 65 108 78 5 112 12 51 28 18 75 69 66 55 57 88 35 14 52 62 114 73 31 71 123 27 109 58 76 17 50 92 79 24 59 36 1 10 89 64 9 46 6 83 90 3 99 104 26 97 122 77 23 20 113 4 101 19 100 32 7 61 68 21 70 117 39 2 119 102 11 44 38 15 85 25 53 95 48 45 30 43 81 91 22 107 13 
86 105 8 29 87 72 80 47 74 42 82 16 94 118 63 49 120 60 121 67 103 110 106 40 56 96 124 116 54 111 115 28 41 98 33 37 93 34 84 65 108 78 5 112 12 51 125 18 75 69 66 55 57 88 35 14 52 62 114 73 31 71 123 27 109 58 76 17 50 92 79 24 59 36 1 10 89 64 9 46 6 83 90 3 99 104 26 97 122 77 23 20 113 4 101 19 100 32 7 61 68 21 70 117 39 2 119 102 11 44 38 15 85 25 53 95 48 45 30 43 81 91 22 107 13 
86 105 8 29 87 72 80 47 74 42 24 16 94 118 63 49 120 60 121 67 103 110 106 40 56 96 124 116 54 111 115 28 41 98 33 37 93 34 84 65 108 78 5 112 12 51 125 18 75 69 66 55 57 88 35 14 52 62 114 73 31 71 123 27 109 58 76 17 50 92 79 82 59 36 1 10 89 64 9 46 6 83 90 3 99 104 26 97 122 77 23 20 113 4 101 19 100 32 7 61 68 21 70 117 39 2 119 102 11 44 38 15 85 25 53 95 48 45 30 43 81 91 22 107 13 
86 105 8 29 87 72 80 47 74 42 24 16 94 118 63 35 120 60 121 67 103 110 106 40 56 96 124 116 54 111 115 28 41 98 33 37 93 34 84 65 108 78 5 112 12 51 125 18 75 69 66 55 57 88 49 14 52 62 114 73 31 71 123 27 109 58 76 17 50 92 79 82 59 36 1 10 89 64 9 46 6 83 90 3 99 104 26 97 122 77 23 20 113 4 101 19 100 32 7 61 68 21 70 117 39 2 119 102 11 44 38 15 85 25 53 95 48 45 30 43 81 91 22 107 13 
86 105 8 29 87 72 80 47 74 42 24 16 94 118 63 31 120 60 121 67 103 110 106 40 56 96 124 116 54 111 115 28 41 98 33 37 93 34 84 65 108 78 5 112 12 51 125 18 75 69 66 55 57 88 49 14 52 62 114 73 35 71 123 27 109 58 76 17 50 92 79 82 59 36 1 10 89 64 9 46 6 83 90 3 99 104 26 97 122 77 23 20 113 4 101 19 100 32 7 61 68 21 70 117 39 2 119 102 11 44 38 15 85 25 53 95 48 45 30 43 81 91 22 107 13 
86 105 8 29 87 72 80 47 74 42 24 16 94 118 63 31 93 60 121 67 103 110 106 40 56 96 124 116 54 111 115 28 41 98 33 37 120 34 84 65 108 78 5 112 12 51 125 18 75 69 66 55 57 88 49 14 52 62 114 73 35 71 123 27 109 58 76 17 50 92 79 82 59 36 1 10 89 64 9 46 6 83 90 3 99 104 26 97 122 77 23 20 113 4 101 19 100 32 7 61 68 21 70 117 39 2 119 102 11 44 38 15 85 25 53 95 48 45 30 43 81 91 22 107 13 
86 105 8 29 87 72 80 47 74 42 24 16 94 118 63 31 93 60 54 67 103 110 106 40 56 96 124 116 121 111 115 28 41 98 33 37 120 34 84 65 108 78 5 112 12 51 125 18 75 69 66 55 57 88 49 14 52 62 114 73 35 71 123 27 109 58 76 17 50 92 79 82 59 36 1 10 89 64 9 46 6 83 90 3 99 104 26 97 122 77 23 20 113 4 101 19 100 32 7 61 68 21 70 117 39 2 119 102 11 44 38 15 85 25 53 95 48 45 30 43 81 91 22 107 13 
86 105 8 29 87 72 80 47 74 42 24 16 94 118 63 31 93 60 54 67 111 110 106 40 56 96 124 116 121 103 115 28 41 98 33 37 120 34 84 65 108 78 5 112 12 51 125 18 75 69 66 55 57 88 49 14 52 62 114 73 35 71 123 27 109 58 76 17 50 92 79 82 59 36 1 10 89 64 9 46 6 83 90 3 99 104 26 97 122 77 23 20 113 4 101 19 100 32 7 61 68 21 70 117 39 2 119 102 11 44 38 15 85 25 53 95 48 45 30 43 81 91 22 107 13 
86 105 8 29 87 72 80 47 74 42 24 16 94 118 63 31 93 60 54 67 111 32 106 40 56 96 124 116 121 103 115 28 41 98 33 37 120 34 84 65 108 78 5 112 12 51 125 18 75 69 66 55 57 88 49 14 52 62 114 73 35 71 123 27 109 58 76 17 50 92 79 82 59 36 1 10 89 64 9 46 6 83 90 3 99 104 26 97 122 77 23 20 113 4 101 19 100 110 7 61 68 21 70 117 39 2 119 102 11 44 38 15 85 25 53 95 48 45 30 43 81 91 22 107 13 
86 105 8 29 87 72 80 47 74 42 24 16 94 118 63 31 93 60 54 67 111 2 106 40 56 96 124 116 121 103 115 28 41 98 33 37 120 34 84 65 108 78 5 112 12 51 125 18 75 69 66 55 57 88 49 14 52 62 114 73 35 71 123 27 109 58 76 17 50 92 79 82 59 36 1 10 89 64 9 46 6 83 90 3 99 104 26 97 122 77 23 20 113 4 101 19 100 110 7 61 68 21 70 117 39 32 119 102 11 44 38 15 85 25 53 95 48 45 30 43 81 91 22 107 13 
86 105 8 29 87 72 80 47 74 42 24 16 94 118 63 31 93 60 54 67 111 2 106 40 56 96 124 116 121 103 115 28 41 98 33 37 120 34 84 65 108 78 5 112 12 51 125 18 75 69 66 55 57 88 49 14 52 62 114 73 35 71 123 27 109 58 76 17 50 92 79 81 59 36 1 10 89 64 9 46 6 83 90 3 99 104 26 97 122 77 23 20 113 4 101 19 100 110 7 61 68 21 70 117 39 32 119 102 11 44 38 15 85 25 53 95 48 45 30 43 82 91 22 107 13 
86 105 8 29 87 72 80 47 74 42 24 16 94 118 63 31 93 60 54 67 111 2 106 40 56 4 124 116 121 103 115 28 41 98 33 37 120 34 84 65 108 78 5 112 12 51 125 18 75 69 66 55 57 88 49 14 52 62 114 73 35 71 123 27 109 58 76 17 50 92 79 81 59 36 1 10 89 64 9 46 6 83 90 3 99 104 26 97 122 77 23 20 113 96 101 19 100 110 7 61 68 21 70 117 39 32 119 102 11 44 38 15 85 25 53 95 48 45 30 43 82 91 22 107 13 
86 105 8 29 87 72 80 47 74 42 24 16 94 118 63 31 93 60 54 67 111 2 106 40 56 4 124 116 113 103 115 28 41 98 33 37 120 34 84 65 108 78 5 112 12 51 125 18 75 69 66 55 57 88 49 14 52 62 114 73 35 71 123 27 109 58 76 17 50 92 79 81 59 36 1 10 89 64 9 46 6 83 90 3 99 104 26 97 122 77 23 20 121 96 101 19 100 110 7 61 68 21 70 117 39 32 119 102 11 44 38 15 85 25 53 95 48 45 30 43 82 91 22 107 13 
86 105 8 29 87 72 80 47 74 42 24 16 94 118 63 31 93 60 54 67 111 2 106 40 56 4 124 116 113 103 115 28 41 98 33 37 120 102 84 65 108 78 5 112 12 51 125 18 75 69 66 55 57 88 49 14 52 62 114 73 35 71 123 27 109 58 76 17 50 92 79 81 59 36 1 10 89 64 9 46 6 83 90 3 99 104 26 97 122 77 23 20 121 96 101 19 100 110 7 61 68 21 70 117 39 32 119 34 11 44 38 15 85 25 53 95 48 45 30 43 82 91 22 107 13 
86 105 8 29 87 72 80 47 74 42 24 16 94 118 63 31 93 60 54 67 111 2 106 40 56 4 124 116 113 103 115 28 41 98 33 37 120 69 84 65 108 78 5 112 12 51 125 18 75 102 66 55 57 88 49 14 52 62 114 73 35 71 123 27 109 58 76 17 50 92 79 81 59 36 1 10 89 64 9 46 6 83 90 3 99 104 26 97 122 77 23 20 121 96 101 19 100 110 7 61 68 21 70 117 39 32 119 34 11 44 38 15 85 25 53 95 48 45 30 43 82 91 22 107 13 
86 105 8 29 87 72 80 47 74 42 24 16 94 118 63 31 93 60 54 67 111 2 106 40 56 4 124 116 113 103 115 28 41 98 33 37 120 69 17 65 108 78 5 112 12 51 125 18 75 102 66 55 57 88 49 14 52 62 114 73 35 71 123 27 109 58 76 84 50 92 79 81 59 36 1 10 89 64 9 46 6 83 90 3 99 104 26 97 122 77 23 20 121 96 101 19 100 110 7 61 68 21 70 117 39 32 119 34 11 44 38 15 85 25 53 95 48 45 30 43 82 91 22 107 13 
86 105 8 29 87 72 80 47 74 42 24 16 94 118 63 31 93 60 54 67 111 2 106 40 56 4 124 116 113 103 115 28 41 98 33 37 120 69 17 65 108 78 5 112 12 51 125 18 19 102 66 55 57 88 49 14 52 62 114 73 35 71 123 27 109 58 76 84 50 92 79 81 59 36 1 10 89 64 9 46 6 83 90 3 99 104 26 97 122 77 23 20 121 96 101 75 100 110 7 61 68 21 70 117 39 32 119 34 11 44 38 15 85 25 53 95 48 45 30 43 82 91 22 107 13 
86 105 8 29 87 72 80 47 74 42 24 16 94 118 63 31 93 60 54 67 111 2 106 40 56 4 124 116 113 103 115 28 41 98 33 37 46 69 17 65 108 78 5 112 12 51 125 18 19 102 66 55 57 88 49 14 52 62 114 73 35 71 123 27 109 58 76 84 50 92 79 81 59 36 1 10 89 64 9 120 6 83 90 3 99 104 26 97 122 77 23 20 121 96 101 75 100 110 7 61 68 21 70 117 39 32 119 34 11 44 38 15 85 25 53 95 48 45 30 43 82 91 22 107 13 
86 105 8 29 87 72 80 47 74 42 24 16 94 118 63 31 93 60 54 67 111 2 106 40 56 4 124 116 113 103 115 28 41 98 33 37 46 69 17 65 108 78 5 112 12 51 125 18 19 102 66 55 57 88 49 14 52 62 114 73 35 71 123 27 109 58 76 84 50 92 96 81 59 36 1 10 89 64 9 120 6 83 90 3 99 104 26 97 122 77 23 20 121 79 101 75 100 110 7 61 68 21 70 117 39 32 119 34 11 44 38 15 85 25 53 95 48 45 30 43 82 91 22 107 13 
86 105 8 29 87 72 80 47 74 42 24 16 94 118 63 31 93 60 54 67 111 2 106 40 56 4 124 116 113 103 115 28 41 98 33 37 61 69 17 65 108 78 5 112 12 51 125 18 19 102 66 55 57 88 49 14 52 62 114 73 35 71 123 27 109 58 76 84 50 92 96 81 59 36 1 10 89 64 9 120 6 83 90 3 99 104 26 97 122 77 23 20 121 79 101 75 100 110 7 46 68 21 70 117 39 32 119 34 11 44 38 15 85 25 53 95 48 45 30 43 82 91 22 107 13 
86 105 8 29 87 72 80 47 74 42 24 16 94 118 63 31 93 60 54 67 111 2 106 40 56 4 124 116 113 103 115 28 41 98 33 37 81 69 17 65 108 78 5 112 12 51 125 18 19 102 66 55 57 88 49 14 52 62 114 73 35 71 123 27 109 58 76 84 50 92 96 61 59 36 1 10 89 64 9 120 6 83 90 3 99 104 26 97 122 77 23 20 121 79 101 75 100 110 7 46 68 21 70 117 39 32 119 34 11 44 38 15 85 25 53 95 48 45 30 43 82 91 22 107 13 
86 105 8 29 87 72 80 47 74 42 24 16 94 118 63 31 93 60 54 67 111 2 106 40 56 4 124 116 113 103 115 28 41 98 33 37 35 69 17 65 108 78 5 112 12 51 125 18 19 102 66 55 57 88 49 14 52 62 114 73 81 71 123 27 109 58 76 84 50 92 96 61 59 36 1 10 89 64 9 120 6 83 90 3 99 104 26 97 122 77 23 20 121 79 101 75 100 110 7 46 68 21 70 117 39 32 119 34 11 44 38 15 85 25 53 95 48 45 30 43 82 91 22 107 13 
86 105 8 29 87 72 80 47 74 42 24 16 94 118 63 31 93 60 54 67 111 2 106 40 56 4 124 116 113 103 115 28 41 98 33 37 35 69 17 65 108 78 5 112 12 51 125 18 19 102 66 55 57 88 49 14 52 62 114 73 81 71 123 27 109 58 76 84 50 92 96 61 59 36 53 10 89 64 9 120 6 83 90 3 99 104 26 97 122 77 23 20 121 79 101 75 100 110 7 46 68 21 70 117 39 32 119 34 11 44 38 15 85 25 1 95 48 45 30 43 82 91 22 107 13 
86 105 8 29 87 72 80 47 74 42 24 16 94 118 63 31 93 60 54 67 111 2 106 40 56 4 124 116 113 103 115 28 41 98 33 37 35 69 17 65 108 78 5 112 12 51 125 18 19 102 66 55 57 88 49 14 52 62 114 73 81 71 123 27 109 58 76 84 50 92 96 61 59 36 53 10 89 64 9 120 6 83 11 3 99 104 26 97 122 77 23 20 121 79 101 75 100 110 7 46 68 21 70 117 39 32 119 34 90 44 38 15 85 25 1 95 48 45 30 43 82 91 22 107 13 
86 105 8 29 87 72 80 47 74 42 24 16 94 118 63 31 93 60 54 67 111 2 106 40 56 4 124 116 113 103 115 28 41 98 33 37 35 69 17 65 108 78 5 112 12 51 125 18 19 102 66 55 57 88 49 14 52 62 114 73 81 71 123 27 109 58 76 84 50 92 96 61 59 36 53 10 89 64 9 120 6 83 11 3 99 104 90 97 122 77 23 20 121 79 101 75 100 110 7 46 68 21 70 117 39 32 119 34 26 44 38 15 85 25 1 95 48 45 30 43 82 91 22 107 13 
86 105 8 29 87 72 80 47 74 42 24 16 94 118 63 31 93 60 54 67 111 2 106 40 56 4 124 116 113 103 115 28 41 98 33 37 25 69 17 65 108 78 5 112 12 51 125 18 19 102 66 55 57 88 49 14 52 62 114 73 81 71 123 27 109 58 76 84 50 92 96 61 59 36 53 10 89 64 9 120 6 83 11 3 99 104 90 97 122 77 23 20 121 79 101 75 100 110 7 46 68 21 70 117 39 32 119 34 26 44 38 15 85 35 1 95 48 45 30 43 82 91 22 107 13 
86 105 8 29 87 72 80 47 74 42 24 16 94 118 63 31 93 60 54 67 111 2 106 40 56 4 124 116 15 103 115 28 41 98 33 37 25 69 17 65 108 78 5 112 12 51 125 18 19 102 66 55 57 88 49 14 52 62 114 73 81 71 123 27 109 58 76 84 50 92 96 61 59 36 53 10 89 64 9 120 6 83 11 3 99 104 90 97 122 77 23 20 121 79 101 75 100 110 7 46 68 21 70 117 39 32 119 34 26 44 38 113 85 35 1 95 48 45 30 43 82 91 22 107 13 
86 105 8 29 87 72 80 47 74 42 24 16 94 118 63 31 93 60 54 67 111 2 106 40 56 4 124 116 15 103 115 28 41 98 33 37 25 69 17 65 108 78 5 112 12 51 125 18 19 102 66 55 57 88 49 14 52 62 114 73 81 71 123 27 109 58 76 84 50 92 96 61 59 36 53 10 89 64 9 120 6 83 11 3 99 44 90 97 122 77 23 20 121 79 101 75 100 110 7 46 68 21 70 117 39 32 119 34 26 104 38 113 85 35 1 95 48 45 30 43 82 91 22 107 13 
86 105 8 29 87 72 80 47 74 42 24 16 94 118 63 31 93 60 54 67 111 2 106 40 56 4 124 116 15 103 115 28 41 98 33 37 25 69 17 65 108 78 5 112 12 51 125 18 19 102 66 55 57 88 49 14 52 62 114 73 81 71 123 27 109 58 76 84 50 92 96 61 59 36 53 10 89 64 9 120 6 83 11 3 99 44 90 97 122 77 23 20 121 79 101 75 100 110 7 46 68 21 70 117 39 32 119 34 26 104 38 113 85 35 1 95 48 45 30 43 82 91 22 107 13 
86 105 8 29 87 72 80 47 74 42 24 16 94 118 63 31 93 60 54 67 111 2 106 40 56 4 124 116 15 103 115 28 41 98 33 37 25 69 17 65 108 78 5 112 12 51 125 18 19 102 66 55 57 88 49 14 52 62 114 73 81 71 123 27 109 58 76 84 50 92 96 61 59 36 53 10 89 64 9 120 6 83 11 3 99 44 90 97 122 77 23 20 121 79 101 75 100 110 7 46 68 21 70 117 39 32 119 34 26 104 38 113 85 35 1 95 48 45 30 43 82 91 22 107 13 
