53 86 13 20 78 112 1 46 56 95 110 119 17 80 12 44 99 50 33 7 77 35 113 83 81 106 71 5 125 122 29 55 52 97 49 100 2 88 37 105 120 32 102 118 84 3 76 79 104 40 89 10 72 8 6 116 43 74 69 19 114 4 94 15 107 101 11 24 68 87 96 111 21 62 108 59 65 91 23 61 123 54 121 115 109 36 57 98 41 93 42 25 90 14 27 124 64 18 22 63 82 70 103 26 31 38 16 28 60 51 66 34 47 92 85 75 67 117 30 45 48 58 39 9 73 
118 86 13 20 78 112 1 46 56 95 110 119 17 80 12 44 99 50 33 7 77 35 113 83 81 106 71 5 125 122 29 55 52 97 49 100 2 88 37 105 120 32 102 53 84 3 76 79 104 40 89 10 72 8 6 116 43 74 69 19 114 4 94 15 107 101 11 24 68 87 96 111 21 62 108 59 65 91 23 61 123 54 121 115 109 36 57 98 41 93 42 25 90 14 27 124 64 18 22 63 82 70 103 26 31 38 16 28 60 51 66 34 47 92 85 75 67 117 30 45 48 58 39 9 73 
118 86 13 20 78 112 1 46 56 95 110 119 17 80 12 44 99 50 115 7 77 35 113 83 81 106 71 5 125 122 29 55 52 97 49 100 2 88 37 105 120 32 102 53 84 3 76 79 104 40 89 10 72 8 6 116 43 74 69 19 114 4 94 15 107 101 11 24 68 87 96 111 21 62 108 59 65 91 23 61 123 54 121 33 109 36 57 98 41 93 42 25 90 14 27 124 64 18 22 63 82 70 103 26 31 38 16 28 60 51 66 34 47 92 85 75 67 117 30 45 48 58 39 9 73 
118 86 13 20 78 112 1 46 56 95 110 119 17 80 12 44 99 50 115 7 77 35 113 83 81 106 71 5 125 122 29 55 52 97 49 100 2 107 37 105 120 32 102 53 84 3 76 79 104 40 89 10 72 8 6 116 43 74 69 19 114 4 94 15 88 101 11 24 68 87 96 111 21 62 108 59 65 91 23 61 123 54 121 33 109 36 57 98 41 93 42 25 90 14 27 124 64 18 22 63 82 70 103 26 31 38 16 28 60 51 66 34 47 92 85 75 67 117 30 45 48 58 39 9 73 
118 86 13 20 78 112 1 46 56 95 110 119 17 80 12 44 99 50 115 7 77 35 113 83 81 106 71 5 125 76 29 55 52 97 49 100 2 107 37 105 120 32 102 53 84 3 122 79 104 40 89 10 72 8 6 116 43 74 69 19 114 4 94 15 88 101 11 24 68 87 96 111 21 62 108 59 65 91 23 61 123 54 121 33 109 36 57 98 41 93 42 25 90 14 27 124 64 18 22 63 82 70 103 26 31 38 16 28 60 51 66 34 47 92 85 75 67 117 30 45 48 58 39 9 73 
118 86 13 20 78 112 1 46 56 95 110 119 17 80 12 44 99 50 115 7 77 35 113 83 81 106 71 5 125 76 29 55 52 97 49 100 2 107 37 105 120 32 102 53 84 3 122 79 104 40 89 10 72 8 6 116 43 68 69 19 114 4 94 15 88 101 11 24 74 87 96 111 21 62 108 59 65 91 23 61 123 54 121 33 109 36 57 98 41 93 42 25 90 14 27 124 64 18 22 63 82 70 103 26 31 38 16 28 60 51 66 34 47 92 85 75 67 117 30 45 48 58 39 9 73 
118 86 13 20 78 112 1 46 56 95 110 119 17 80 12 44 99 50 115 7 77 35 113 83 81 106 71 5 125 76 29 55 52 97 49 100 2 107 37 105 120 32 102 53 84 3 122 79 104 40 89 10 72 8 6 116 43 68 69 19 114 4 94 15 88 101 11 24 74 87 96 111 21 62 108 59 65 91 23 61 123 54 121 33 109 36 57 117 41 93 42 25 90 14 27 124 64 18 22 63 82 70 103 26 31 38 16 28 60 51 66 34 47 92 85 75 67 98 30 45 48 58 39 9 73 
118 86 13 20 78 112 1 46 56 95 110 119 17 80 12 44 99 50 115 7 77 35 113 83 81 106 71 5 125 76 29 55 52 97 49 100 2 107 37 105 120 32 102 53 84 3 122 124 104 40 89 10 72 8 6 116 43 68 69 19 114 4 94 15 88 101 11 24 74 87 96 111 21 62 108 59 65 91 23 61 123 54 121 33 109 36 57 117 41 93 42 25 90 14 27 79 64 18 22 63 82 70 103 26 31 38 16 28 60 51 66 34 47 92 85 75 67 98 30 45 48 58 39 9 73 
118 86 13 20 78 108 1 46 56 95 110 119 17 80 12 44 99 50 115 7 77 35 113 83 81 106 71 5 125 76 29 55 52 97 49 100 2 107 37 105 120 32 102 53 84 3 122 124 104 40 89 10 72 8 6 116 43 68 69 19 114 4 94 15 88 101 11 24 74 87 96 111 21 62 112 59 65 91 23 61 123 54 121 33 109 36 57 117 41 93 42 25 90 14 27 79 64 18 22 63 82 70 103 26 31 38 16 28 60 51 66 34 47 92 85 75 67 98 30 45 48 58 39 9 73 
118 86 13 20 78 108 37 46 56 95 110 119 17 80 12 44 99 50 115 7 77 35 113 83 81 106 71 5 125 76 29 55 52 97 49 100 2 107 1 105 120 32 102 53 84 3 122 124 104 40 89 10 72 8 6 116 43 68 69 19 114 4 94 15 88 101 11 24 74 87 96 111 21 62 112 59 65 91 23 61 123 54 121 33 109 36 57 117 41 93 42 25 90 14 27 79 64 18 22 63 82 70 103 26 31 38 16 28 60 51 66 34 47 92 85 75 67 98 30 45 48 58 39 9 73 
118 86 13 20 78 108 10 46 56 95 110 119 17 80 12 44 99 50 115 7 77 35 113 83 81 106 71 5 125 76 29 55 52 97 49 100 2 107 1 105 120 32 102 53 84 3 122 124 104 40 89 37 72 8 6 116 43 68 69 19 114 4 94 15 88 101 11 24 74 87 96 111 21 62 112 59 65 91 23 61 123 54 121 33 109 36 57 117 41 93 42 25 90 14 27 79 64 18 22 63 82 70 103 26 31 38 16 28 60 51 66 34 47 92 85 75 67 98 30 45 48 58 39 9 73 
118 86 13 20 78 108 10 46 56 95 87 119 17 80 12 44 99 50 115 7 77 35 113 83 81 106 71 5 125 76 29 55 52 97 49 100 2 107 1 105 120 32 102 53 84 3 122 124 104 40 89 37 72 8 6 116 43 68 69 19 114 4 94 15 88 101 11 24 74 110 96 111 21 62 112 59 65 91 23 61 123 54 121 33 109 36 57 117 41 93 42 25 90 14 27 79 64 18 22 63 82 70 103 26 31 38 16 28 60 51 66 34 47 92 85 75 67 98 30 45 48 58 39 9 73 
118 86 13 20 78 108 10 46 56 95 87 119 17 80 12 44 99 50 115 7 77 59 113 83 81 106 71 5 125 76 29 55 52 97 49 100 2 107 1 105 120 32 102 53 84 3 122 124 104 40 89 37 72 8 6 116 43 68 69 19 114 4 94 15 88 101 11 24 74 110 96 111 21 62 112 35 65 91 23 61 123 54 121 33 109 36 57 117 41 93 42 25 90 14 27 79 64 18 22 63 82 70 103 26 31 38 16 28 60 51 66 34 47 92 85 75 67 98 30 45 48 58 39 9 73 
118 86 13 20 78 108 10 46 56 95 87 119 17 80 12 44 99 50 115 7 77 59 113 16 81 106 71 5 125 76 29 55 52 97 49 100 2 107 1 105 120 32 102 53 84 3 122 124 104 40 89 37 72 8 6 116 43 68 69 19 114 4 94 15 88 101 11 24 74 110 96 111 21 62 112 35 65 91 23 61 123 54 121 33 109 36 57 117 41 93 42 25 90 14 27 79 64 18 22 63 82 70 103 26 31 38 83 28 60 51 66 34 47 92 85 75 67 98 30 45 48 58 39 9 73 
118 86 13 20 78 108 10 46 56 95 87 119 17 80 12 44 99 50 115 7 77 59 113 16 81 63 71 5 125 76 29 55 52 97 49 100 2 107 1 105 120 32 102 53 84 3 122 124 104 40 89 37 72 8 6 116 43 68 69 19 114 4 94 15 88 101 11 24 74 110 96 111 21 62 112 35 65 91 23 61 123 54 121 33 109 36 57 117 41 93 42 25 90 14 27 79 64 18 22 106 82 70 103 26 31 38 83 28 60 51 66 34 47 92 85 75 67 98 30 45 48 58 39 9 73 
118 86 13 20 78 108 10 46 56 95 87 119 17 80 12 44 99 50 115 7 77 59 113 16 81 63 71 54 125 76 29 55 52 97 49 100 2 107 1 105 120 32 102 53 84 3 122 124 104 40 89 37 72 8 6 116 43 68 69 19 114 4 94 15 88 101 11 24 74 110 96 111 21 62 112 35 65 91 23 61 123 5 121 33 109 36 57 117 41 93 42 25 90 14 27 79 64 18 22 106 82 70 103 26 31 38 83 28 60 51 66 34 47 92 85 75 67 98 30 45 48 58 39 9 73 
118 86 13 20 78 108 10 46 56 95 87 119 17 80 12 44 99 50 115 7 77 59 113 16 81 63 71 48 125 76 29 55 52 97 49 100 2 107 1 105 120 32 102 53 84 3 122 124 104 40 89 37 72 8 6 116 43 68 69 19 114 4 94 15 88 101 11 24 74 110 96 111 21 62 112 35 65 91 23 61 123 5 121 33 109 36 57 117 41 93 42 25 90 14 27 79 64 18 22 106 82 70 103 26 31 38 83 28 60 51 66 34 47 92 85 75 67 98 30 45 54 58 39 9 73 
118 86 13 20 78 108 10 46 56 95 87 119 17 80 12 44 99 50 115 7 77 59 113 16 81 63 71 48 57 76 29 55 52 97 49 100 2 107 1 105 120 32 102 53 84 3 122 124 104 40 89 37 72 8 6 116 43 68 69 19 114 4 94 15 88 101 11 24 74 110 96 111 21 62 112 35 65 91 23 61 123 5 121 33 109 36 125 117 41 93 42 25 90 14 27 79 64 18 22 106 82 70 103 26 31 38 83 28 60 51 66 34 47 92 85 75 67 98 30 45 54 58 39 9 73 
118 86 13 20 78 108 10 46 56 95 87 119 17 80 12 44 99 50 115 7 77 59 113 16 81 63 71 48 57 76 29 55 52 97 49 100 2 107 1 105 120 32 96 53 84 3 122 124 104 40 89 37 72 8 6 116 43 68 69 19 114 4 94 15 88 101 11 24 74 110 102 111 21 62 112 35 65 91 23 61 123 5 121 33 109 36 125 117 41 93 42 25 90 14 27 79 64 18 22 106 82 70 103 26 31 38 83 28 60 51 66 34 47 92 85 75 67 98 30 45 54 58 39 9 73 
118 86 13 20 78 108 10 46 56 95 87 119 17 80 12 44 99 7 115 50 77 59 113 16 81 63 71 48 57 76 29 55 52 97 49 100 2 107 1 105 120 32 96 53 84 3 122 124 104 40 89 37 72 8 6 116 43 68 69 19 114 4 94 15 88 101 11 24 74 110 102 111 21 62 112 35 65 91 23 61 123 5 121 33 109 36 125 117 41 93 42 25 90 14 27 79 64 18 22 106 82 70 103 26 31 38 83 28 60 51 66 34 47 92 85 75 67 98 30 45 54 58 39 9 73 
118 86 13 20 78 108 10 46 56 95 87 119 17 80 12 44 99 7 115 50 77 59 113 16 81 63 71 48 57 76 29 55 52 97 49 100 2 107 1 105 120 32 96 53 6 3 122 124 104 40 89 37 72 8 84 116 43 68 69 19 114 4 94 15 88 101 11 24 74 110 102 111 21 62 112 35 65 91 23 61 123 5 121 33 109 36 125 117 41 93 42 25 90 14 27 79 64 18 22 106 82 70 103 26 31 38 83 28 60 51 66 34 47 92 85 75 67 98 30 45 54 58 39 9 73 
118 86 13 20 78 108 10 46 56 95 87 119 17 80 12 44 99 7 115 50 77 59 113 16 81 63 71 48 57 76 29 55 52 97 49 100 2 107 1 105 120 32 96 53 6 3 122 124 26 40 89 37 72 8 84 116 43 68 69 19 114 4 94 15 88 101 11 24 74 110 102 111 21 62 112 35 65 91 23 61 123 5 121 33 109 36 125 117 41 93 42 25 90 14 27 79 64 18 22 106 82 70 103 104 31 38 83 28 60 51 66 34 47 92 85 75 67 98 30 45 54 58 39 9 73 
118 86 13 20 78 108 10 46 56 95 87 119 17 80 12 44 99 7 115 50 77 59 113 110 81 63 71 48 57 76 29 55 52 97 49 100 2 107 1 105 120 32 96 53 6 3 122 124 26 40 89 37 72 8 84 116 43 68 69 19 114 4 94 15 88 101 11 24 74 16 102 111 21 62 112 35 65 91 23 61 123 5 121 33 109 36 125 117 41 93 42 25 90 14 27 79 64 18 22 106 82 70 103 104 31 38 83 28 60 51 66 34 47 92 85 75 67 98 30 45 54 58 39 9 73 
118 86 13 20 78 108 10 46 56 95 87 119 17 80 12 44 99 7 115 50 77 59 113 110 81 63 71 48 57 76 29 55 52 97 49 100 2 107 1 105 120 32 96 53 6 3 122 124 26 40 89 62 72 8 84 116 43 68 69 19 114 4 94 15 88 101 11 24 74 16 102 111 21 37 112 35 65 91 23 61 123 5 121 33 109 36 125 117 41 93 42 25 90 14 27 79 64 18 22 106 82 70 103 104 31 38 83 28 60 51 66 34 47 92 85 75 67 98 30 45 54 58 39 9 73 
118 86 13 20 78 108 10 46 56 95 87 119 17 80 12 44 99 7 115 50 77 59 113 110 81 63 71 48 57 76 29 55 52 97 49 100 2 107 1 105 120 32 96 53 6 3 122 124 65 40 89 62 72 8 84 116 43 68 69 19 114 4 94 15 88 101 11 24 74 16 102 111 21 37 112 35 26 91 23 61 123 5 121 33 109 36 125 117 41 93 42 25 90 14 27 79 64 18 22 106 82 70 103 104 31 38 83 28 60 51 66 34 47 92 85 75 67 98 30 45 54 58 39 9 73 
118 86 13 20 78 108 10 46 56 95 87 119 17 80 12 44 99 7 115 50 77 59 113 110 81 63 71 48 57 76 29 55 52 97 49 100 2 107 1 105 120 32 96 53 6 3 122 124 34 40 89 62 72 8 84 116 43 68 69 19 114 4 94 15 88 101 11 24 74 16 102 111 21 37 112 35 26 91 23 61 123 5 121 33 109 36 125 117 41 93 42 25 90 14 27 79 64 18 22 106 82 70 103 104 31 38 83 28 60 51 66 65 47 92 85 75 67 98 30 45 54 58 39 9 73 
118 86 13 20 78 108 10 46 56 95 87 119 17 80 12 44 99 7 115 50 77 59 113 110 81 63 71 48 57 76 29 55 52 97 49 100 2 107 1 105 120 40 96 53 6 3 122 124 34 32 89 62 72 8 84 116 43 68 69 19 114 4 94 15 88 101 11 24 74 16 102 111 21 37 112 35 26 91 23 61 123 5 121 33 109 36 125 117 41 93 42 25 90 14 27 79 64 18 22 106 82 70 103 104 31 38 83 28 60 51 66 65 47 92 85 75 67 98 30 45 54 58 39 9 73 
118 86 13 20 78 108 10 46 56 95 87 119 17 80 12 44 99 7 115 50 77 59 113 110 81 63 71 48 57 76 29 55 52 97 49 100 2 107 1 105 120 40 96 53 6 3 122 124 34 32 89 62 72 8 84 116 43 68 69 19 114 4 94 15 88 101 11 24 74 16 102 111 21 37 92 35 26 91 23 61 123 5 121 33 109 36 125 117 41 93 42 25 90 14 27 79 64 18 22 106 82 70 103 104 31 38 83 28 60 51 66 65 47 112 85 75 67 98 30 45 54 58 39 9 73 
118 86 13 20 78 108 10 46 56 95 87 119 17 80 12 44 99 7 115 50 77 59 113 110 81 63 71 48 57 76 29 55 52 97 49 100 2 107 1 105 120 40 96 53 6 3 122 124 34 32 89 62 72 8 84 116 43 68 69 19 114 4 94 15 88 101 11 24 74 16 102 111 21 106 92 35 26 91 23 61 123 5 121 33 109 36 125 117 41 93 42 25 90 14 27 79 64 18 22 37 82 70 103 104 31 38 83 28 60 51 66 65 47 112 85 75 67 98 30 45 54 58 39 9 73 
118 86 13 20 78 108 10 46 56 95 87 119 17 80 12 44 99 7 115 50 77 59 18 110 81 63 71 48 57 76 29 55 52 97 49 100 2 107 1 105 120 40 96 53 6 3 122 124 34 32 89 62 72 8 84 116 43 68 69 19 114 4 94 15 88 101 11 24 74 16 102 111 21 106 92 35 26 91 23 61 123 5 121 33 109 36 125 117 41 93 42 25 90 14 27 79 64 113 22 37 82 70 103 104 31 38 83 28 60 51 66 65 47 112 85 75 67 98 30 45 54 58 39 9 73 
118 86 13 20 78 108 10 46 56 95 87 119 17 80 12 44 99 7 115 50 77 59 18 110 81 63 71 48 57 76 29 55 52 97 49 100 2 107 1 105 120 40 96 53 6 3 122 124 34 32 89 62 72 8 84 116 43 68 69 19 114 4 94 15 88 101 11 24 74 16 102 111 21 106 92 35 26 85 23 61 123 5 121 33 109 36 125 117 41 93 42 25 90 14 27 79 64 113 22 37 82 70 103 104 31 38 83 28 60 51 66 65 47 112 91 75 67 98 30 45 54 58 39 9 73 
118 86 13 20 78 108 10 46 56 95 87 119 17 80 12 44 99 7 115 50 77 59 18 110 81 63 71 48 57 76 29 55 52 97 49 100 2 107 1 105 120 40 96 53 6 3 122 124 34 32 89 62 72 8 84 116 43 68 69 19 114 4 94 15 88 101 11 24 74 16 102 111 21 106 92 35 26 85 23 61 123 5 121 33 109 36 125 117 41 93 42 25 90 14 27 79 64 113 22 37 82 70 103 104 31 38 83 28 60 51 66 65 47 112 91 75 67 98 30 45 54 58 39 9 73 
118 86 13 20 78 108 10 46 56 95 87 119 17 80 12 44 99 7 115 50 77 59 18 110 81 63 71 48 57 76 29 55 52 97 49 100 2 107 1 105 120 40 96 53 6 3 122 124 34 32 89 62 72 8 84 116 43 68 69 19 114 4 94 15 88 101 11 24 74 16 102 111 21 106 92 35 26 85 23 61 123 5 121 33 109 36 125 117 41 93 42 25 90 14 27 79 64 113 22 37 82 70 103 104 31 38 83 28 60 51 66 65 47 112 91 75 67 98 30 45 54 58 39 9 73 
83 78 13 43 114 30 23 94 109 121 69 63 96 75 21 14 2 71 53 10 106 108 42 8 29 57 40 105 52 85 110 25 54 58 77 41 33 28 60 68 4 3 120 107 124 86 118 70 67 102 91 95 87 51 47 44 84 39 64 45 73 34 11 55 65 123 115 56 80 22 59 82 18 119 24 1 12 103 62 26 72 35 97 104 92 93 16 7 50 32 20 46 88 74 76 31 117 9 15 37 48 100 5 49 99 19 66 89 122 112 90 27 36 17 125 113 81 116 61 98 111 101 38 6 79 
83 78 13 99 114 30 23 94 109 121 69 63 96 75 21 14 2 71 53 10 106 108 42 8 29 57 40 105 52 85 110 25 54 58 77 41 33 28 60 68 4 3 120 107 124 86 118 70 67 102 91 95 87 51 47 44 84 39 64 45 73 34 11 55 65 123 115 56 80 22 59 82 18 119 24 1 12 103 62 26 72 35 97 104 92 93 16 7 50 32 20 46 88 74 76 31 117 9 15 37 48 100 5 49 43 19 66 89 122 112 90 27 36 17 125 113 81 116 61 98 111 101 38 6 79 
83 78 13 88 114 30 23 94 109 121 69 63 96 75 21 14 2 71 53 10 106 108 42 8 29 57 40 105 52 85 110 25 54 58 77 41 33 28 60 68 4 3 120 107 124 86 118 70 67 102 91 95 87 51 47 44 84 39 64 45 73 34 11 55 65 123 115 56 80 22 59 82 18 119 24 1 12 103 62 26 72 35 97 104 92 93 16 7 50 32 20 46 99 74 76 31 117 9 15 37 48 100 5 49 43 19 66 89 122 112 90 27 36 17 125 113 81 116 61 98 111 101 38 6 79 
83 78 13 88 114 30 23 94 109 121 69 63 96 75 25 14 2 71 53 10 106 108 42 8 29 57 40 105 52 85 110 21 54 58 77 41 33 28 60 68 4 3 120 107 124 86 118 70 67 102 91 95 87 51 47 44 84 39 64 45 73 34 11 55 65 123 115 56 80 22 59 82 18 119 24 1 12 103 62 26 72 35 97 104 92 93 16 7 50 32 20 46 99 74 76 31 117 9 15 37 48 100 5 49 43 19 66 89 122 112 90 27 36 17 125 113 81 116 61 98 111 101 38 6 79 
83 78 13 88 114 30 23 94 109 121 34 63 96 75 25 14 2 71 53 10 106 108 42 8 29 57 40 105 52 85 110 21 54 58 77 41 33 28 60 68 4 3 120 107 124 86 118 70 67 102 91 95 87 51 47 44 84 39 64 45 73 69 11 55 65 123 115 56 80 22 59 82 18 119 24 1 12 103 62 26 72 35 97 104 92 93 16 7 50 32 20 46 99 74 76 31 117 9 15 37 48 100 5 49 43 19 66 89 122 112 90 27 36 17 125 113 81 116 61 98 111 101 38 6 79 
83 78 13 88 114 30 23 94 109 121 34 63 96 75 25 14 2 71 53 10 106 108 42 8 29 57 40 105 52 85 110 21 54 58 77 41 111 28 60 68 4 3 120 107 124 86 118 70 67 102 91 95 87 51 47 44 84 39 64 45 73 69 11 55 65 123 115 56 80 22 59 82 18 119 24 1 12 103 62 26 72 35 97 104 92 93 16 7 50 32 20 46 99 74 76 31 117 9 15 37 48 100 5 49 43 19 66 89 122 112 90 27 36 17 125 113 81 116 61 98 33 101 38 6 79 
83 78 13 88 114 30 23 94 109 121 18 63 96 75 25 14 2 71 53 10 106 108 42 8 29 57 40 105 52 85 110 21 54 58 77 41 111 28 60 68 4 3 120 107 124 86 118 70 67 102 91 95 87 51 47 44 84 39 64 45 73 69 11 55 65 123 115 56 80 22 59 82 34 119 24 1 12 103 62 26 72 35 97 104 92 93 16 7 50 32 20 46 99 74 76 31 117 9 15 37 48 100 5 49 43 19 66 89 122 112 90 27 36 17 125 113 81 116 61 98 33 101 38 6 79 
83 78 13 88 114 30 23 94 109 121 18 63 96 75 25 14 2 71 53 10 106 108 42 8 29 57 40 105 52 85 110 21 54 58 77 41 111 28 48 68 4 3 120 107 124 86 118 70 67 102 91 95 87 51 47 44 84 39 64 45 73 69 11 55 65 123 115 56 80 22 59 82 34 119 24 1 12 103 62 26 72 35 97 104 92 93 16 7 50 32 20 46 99 74 76 31 117 9 15 37 60 100 5 49 43 19 66 89 122 112 90 27 36 17 125 113 81 116 61 98 33 101 38 6 79 
83 78 13 88 114 30 23 94 109 121 18 63 96 75 25 14 12 71 53 10 106 108 42 8 29 57 40 105 52 85 110 21 54 58 77 41 111 28 48 68 4 3 120 107 124 86 118 70 67 102 91 95 87 51 47 44 84 39 64 45 73 69 11 55 65 123 115 56 80 22 59 82 34 119 24 1 2 103 62 26 72 35 97 104 92 93 16 7 50 32 20 46 99 74 76 31 117 9 15 37 60 100 5 49 43 19 66 89 122 112 90 27 36 17 125 113 81 116 61 98 33 101 38 6 79 
83 78 13 88 114 30 54 94 109 121 18 63 96 75 25 14 12 71 53 10 106 108 42 8 29 57 40 105 52 85 110 21 23 58 77 41 111 28 48 68 4 3 120 107 124 86 118 70 67 102 91 95 87 51 47 44 84 39 64 45 73 69 11 55 65 123 115 56 80 22 59 82 34 119 24 1 2 103 62 26 72 35 97 104 92 93 16 7 50 32 20 46 99 74 76 31 117 9 15 37 60 100 5 49 43 19 66 89 122 112 90 27 36 17 125 113 81 116 61 98 33 101 38 6 79 
83 78 13 88 114 30 54 94 109 121 18 63 96 75 25 14 12 71 53 10 106 108 42 8 29 57 40 105 52 85 110 21 23 58 77 41 111 28 48 68 4 3 89 107 124 86 118 70 67 102 91 95 87 51 47 44 84 39 64 45 73 69 11 55 65 123 115 56 80 22 59 82 34 119 24 1 2 103 62 26 72 35 97 104 92 93 16 7 50 32 20 46 99 74 76 31 117 9 15 37 60 100 5 49 43 19 66 120 122 112 90 27 36 17 125 113 81 116 61 98 33 101 38 6 79 
83 78 13 88 114 30 54 94 109 121 18 63 96 75 25 14 12 71 53 10 106 108 42 8 29 57 40 105 52 85 110 21 23 58 77 41 111 28 48 68 4 3 89 107 124 86 118 70 67 102 91 95 87 51 47 44 84 39 64 45 73 69 11 55 65 123 115 56 80 22 59 82 34 119 24 1 2 103 62 26 72 35 97 104 92 93 16 7 50 32 20 46 99 74 76 31 117 9 15 37 60 100 5 49 43 19 6 120 122 112 90 27 36 17 125 113 81 116 61 98 33 101 38 66 79 
83 78 15 88 114 30 54 94 109 121 18 63 96 75 25 14 12 71 53 10 106 108 42 8 29 57 40 105 52 85 110 21 23 58 77 41 111 28 48 68 4 3 89 107 124 86 118 70 67 102 91 95 87 51 47 44 84 39 64 45 73 69 11 55 65 123 115 56 80 22 59 82 34 119 24 1 2 103 62 26 72 35 97 104 92 93 16 7 50 32 20 46 99 74 76 31 117 9 13 37 60 100 5 49 43 19 6 120 122 112 90 27 36 17 125 113 81 116 61 98 33 101 38 66 79 
83 78 15 88 114 94 54 30 109 121 18 63 96 75 25 14 12 71 53 10 106 108 42 8 29 57 40 105 52 85 110 21 23 58 77 41 111 28 48 68 4 3 89 107 124 86 118 70 67 102 91 95 87 51 47 44 84 39 64 45 73 69 11 55 65 123 115 56 80 22 59 82 34 119 24 1 2 103 62 26 72 35 97 104 92 93 16 7 50 32 20 46 99 74 76 31 117 9 13 37 60 100 5 49 43 19 6 120 122 112 90 27 36 17 125 113 81 116 61 98 33 101 38 66 79 
83 78 15 88 114 94 54 8 109 121 18 63 96 75 25 14 12 71 53 10 106 108 42 30 29 57 40 105 52 85 110 21 23 58 77 41 111 28 48 68 4 3 89 107 124 86 118 70 67 102 91 95 87 51 47 44 84 39 64 45 73 69 11 55 65 123 115 56 80 22 59 82 34 119 24 1 2 103 62 26 72 35 97 104 92 93 16 7 50 32 20 46 99 74 76 31 117 9 13 37 60 100 5 49 43 19 6 120 122 112 90 27 36 17 125 113 81 116 61 98 33 101 38 66 79 
83 78 15 48 114 94 54 8 109 121 18 63 96 75 25 14 12 71 53 10 106 108 42 30 29 57 40 105 52 85 110 21 23 58 77 41 111 28 88 68 4 3 89 107 124 86 118 70 67 102 91 95 87 51 47 44 84 39 64 45 73 69 11 55 65 123 115 56 80 22 59 82 34 119 24 1 2 103 62 26 72 35 97 104 92 93 16 7 50 32 20 46 99 74 76 31 117 9 13 37 60 100 5 49 43 19 6 120 122 112 90 27 36 17 125 113 81 116 61 98 33 101 38 66 79 
83 78 15 48 114 94 54 91 109 121 18 63 96 75 25 14 12 71 53 10 106 108 42 30 29 57 40 105 52 85 110 21 23 58 77 41 111 28 88 68 4 3 89 107 124 86 118 70 67 102 8 95 87 51 47 44 84 39 64 45 73 69 11 55 65 123 115 56 80 22 59 82 34 119 24 1 2 103 62 26 72 35 97 104 92 93 16 7 50 32 20 46 99 74 76 31 117 9 13 37 60 100 5 49 43 19 6 120 122 112 90 27 36 17 125 113 81 116 61 98 33 101 38 66 79 
83 78 15 48 114 94 54 91 109 13 18 63 96 75 25 14 12 71 53 10 106 108 42 30 29 57 40 105 52 85 110 21 23 58 77 41 111 28 88 68 4 3 89 107 124 86 118 70 67 102 8 95 87 51 47 44 84 39 64 45 73 69 11 55 65 123 115 56 80 22 59 82 34 119 24 1 2 103 62 26 72 35 97 104 92 93 16 7 50 32 20 46 99 74 76 31 117 9 121 37 60 100 5 49 43 19 6 120 122 112 90 27 36 17 125 113 81 116 61 98 33 101 38 66 79 
83 78 15 48 114 94 54 91 109 13 18 63 96 75 25 14 12 71 53 67 106 108 42 30 29 57 40 105 52 85 110 21 23 58 77 41 111 28 88 68 4 3 89 107 124 86 118 70 10 102 8 95 87 51 47 44 84 39 64 45 73 69 11 55 65 123 115 56 80 22 59 82 34 119 24 1 2 103 62 26 72 35 97 104 92 93 16 7 50 32 20 46 99 74 76 31 117 9 121 37 60 100 5 49 43 19 6 120 122 112 90 27 36 17 125 113 81 116 61 98 33 101 38 66 79 
83 78 15 48 114 94 54 91 109 80 18 63 96 75 25 14 12 71 53 67 106 108 42 30 29 57 40 105 52 85 110 21 23 58 77 41 111 28 88 68 4 3 89 107 124 86 118 70 10 102 8 95 87 51 47 44 84 39 64 45 73 69 11 55 65 123 115 56 13 22 59 82 34 119 24 1 2 103 62 26 72 35 97 104 92 93 16 7 50 32 20 46 99 74 76 31 117 9 121 37 60 100 5 49 43 19 6 120 122 112 90 27 36 17 125 113 81 116 61 98 33 101 38 66 79 
83 78 15 48 114 94 54 91 109 80 18 63 96 75 25 14 12 71 53 67 106 108 42 30 29 57 40 105 52 85 110 21 23 58 64 41 111 28 88 68 4 3 89 107 124 86 118 70 10 102 8 95 87 51 47 44 84 39 77 45 73 69 11 55 65 123 115 56 13 22 59 82 34 119 24 1 2 103 62 26 72 35 97 104 92 93 16 7 50 32 20 46 99 74 76 31 117 9 121 37 60 100 5 49 43 19 6 120 122 112 90 27 36 17 125 113 81 116 61 98 33 101 38 66 79 
83 78 15 48 114 94 54 91 109 80 18 63 96 75 25 14 12 71 53 67 106 108 42 30 29 57 40 105 52 85 84 21 23 58 64 41 111 28 88 68 4 3 89 107 124 86 118 70 10 102 8 95 87 51 47 44 110 39 77 45 73 69 11 55 65 123 115 56 13 22 59 82 34 119 24 1 2 103 62 26 72 35 97 104 92 93 16 7 50 32 20 46 99 74 76 31 117 9 121 37 60 100 5 49 43 19 6 120 122 112 90 27 36 17 125 113 81 116 61 98 33 101 38 66 79 
83 78 15 48 114 94 54 91 109 80 18 63 96 75 25 14 12 71 53 67 106 108 42 30 29 57 40 105 52 85 84 21 23 58 64 41 111 28 88 68 4 3 89 107 112 86 118 70 10 102 8 95 87 51 47 44 110 39 77 45 73 69 11 55 65 123 115 56 13 22 59 82 34 119 24 1 2 103 62 26 72 35 97 104 92 93 16 7 50 32 20 46 99 74 76 31 117 9 121 37 60 100 5 49 43 19 6 120 122 124 90 27 36 17 125 113 81 116 61 98 33 101 38 66 79 
83 78 15 48 114 94 54 91 109 80 18 63 96 75 25 14 12 71 53 67 106 108 42 30 29 57 40 105 52 85 84 21 23 58 64 41 111 28 88 68 4 3 89 107 112 86 118 70 10 102 22 95 87 51 47 44 110 39 77 45 73 69 11 55 65 123 115 56 13 8 59 82 34 119 24 1 2 103 62 26 72 35 97 104 92 93 16 7 50 32 20 46 99 74 76 31 117 9 121 37 60 100 5 49 43 19 6 120 122 124 90 27 36 17 125 113 81 116 61 98 33 101 38 66 79 
83 78 15 48 114 94 54 91 109 80 18 63 96 75 25 14 12 71 53 67 106 108 42 30 29 57 40 105 52 85 84 21 23 58 64 41 111 28 88 68 4 3 89 107 112 86 118 70 10 102 16 95 87 51 47 44 110 39 77 45 73 69 11 55 65 123 115 56 13 8 59 82 34 119 24 1 2 103 62 26 72 35 97 104 92 93 22 7 50 32 20 46 99 74 76 31 117 9 121 37 60 100 5 49 43 19 6 120 122 124 90 27 36 17 125 113 81 116 61 98 33 101 38 66 79 
83 78 15 48 114 94 54 91 109 80 18 63 96 75 25 14 12 71 53 67 106 108 42 30 29 57 40 105 52 85 84 21 23 58 64 41 111 28 88 68 4 3 89 107 112 86 118 70 10 102 16 95 87 51 47 44 110 39 77 45 73 69 11 55 65 123 115 56 13 8 59 79 34 119 24 1 2 103 62 26 72 35 97 104 92 93 22 7 50 32 20 46 99 74 76 31 117 9 121 37 60 100 5 49 43 19 6 120 122 124 90 27 36 17 125 113 81 116 61 98 33 101 38 66 82 
83 78 15 48 114 94 54 91 109 80 18 63 96 75 25 14 12 71 53 67 106 108 42 30 29 57 40 105 52 85 84 21 23 58 64 41 111 28 88 68 4 3 89 107 112 86 118 70 10 102 16 95 87 51 47 44 110 39 77 45 73 69 11 55 65 123 115 56 13 8 59 79 34 119 24 1 2 103 62 26 72 35 97 104 92 93 22 7 50 32 20 46 99 74 76 31 117 9 121 37 60 100 5 49 43 19 6 120 122 124 90 27 36 17 125 113 81 116 66 98 33 101 38 61 82 
83 78 15 48 114 94 54 91 109 80 18 63 96 75 25 14 12 71 53 67 106 108 42 30 29 57 40 105 52 85 84 21 23 58 64 41 111 28 88 68 4 3 89 107 112 86 118 70 10 102 16 95 87 51 47 44 110 39 77 45 73 69 11 55 65 123 115 56 13 8 59 79 34 119 24 1 2 103 62 26 72 35 97 104 92 93 22 7 50 32 20 46 99 76 74 31 117 9 121 37 60 100 5 49 43 19 6 120 122 124 90 27 36 17 125 113 81 116 66 98 33 101 38 61 82 
83 78 15 48 114 94 54 91 109 80 18 63 96 75 25 14 12 71 53 67 106 108 42 30 29 57 40 105 52 85 84 21 23 58 64 41 111 28 88 68 4 3 89 107 112 86 118 70 10 102 16 95 87 51 47 44 110 39 77 45 73 69 11 55 65 123 115 56 13 8 59 79 34 119 24 1 2 103 62 26 72 35 97 104 92 93 22 7 50 32 20 46 99 76 74 31 117 9 121 37 60 100 5 49 43 19 6 120 122 124 90 27 36 17 125 113 81 116 66 98 33 101 38 61 82 
83 78 15 48 114 94 54 91 109 80 18 63 96 75 25 14 12 71 53 67 106 108 42 30 29 57 40 105 52 85 84 21 23 58 64 41 111 28 88 68 4 3 89 107 112 86 118 70 10 102 16 95 87 51 47 44 110 39 77 45 73 69 11 55 65 123 115 56 13 8 59 79 34 119 24 1 2 103 62 26 72 35 97 104 92 93 22 7 50 32 20 46 99 76 74 31 117 9 121 37 60 100 5 49 43 19 6 120 122 124 90 27 36 17 125 113 81 116 66 98 33 101 38 61 82 
