53 86 13 20 78 112 1 46 56 95 110 119 17 80 12 44 99 50 33 7 77 35 113 83 81 106 71 5 125 122 29 55 52 97 49 100 2 88 37 105 120 32 102 118 84 3 76 79 104 40 89 10 72 8 6 116 43 74 69 19 114 4 94 15 107 101 11 24 68 87 96 111 21 62 108 59 65 91 23 61 123 54 121 115 109 36 57 98 41 93 42 25 90 14 27 124 64 18 22 63 82 70 103 26 31 38 16 28 60 51 66 34 47 92 85 75 67 117 30 45 48 58 39 9 73 
118 86 13 20 78 112 1 46 56 95 110 119 17 80 12 44 99 50 33 7 77 35 113 83 81 106 71 5 125 122 29 55 52 97 49 100 2 88 37 105 120 32 102 53 84 3 76 79 104 40 89 10 72 8 6 116 43 74 69 19 114 4 94 15 107 101 11 24 68 87 96 111 21 62 108 59 65 91 23 61 123 54 121 115 109 36 57 98 41 93 42 25 90 14 27 124 64 18 22 63 82 70 103 26 31 38 16 28 60 51 66 34 47 92 85 75 67 117 30 45 48 58 39 9 73 
118 86 13 20 78 112 1 46 56 95 110 119 17 80 12 44 99 50 115 7 77 35 113 83 81 106 71 5 125 122 29 55 52 97 49 100 2 88 37 105 120 32 102 53 84 3 76 79 104 40 89 10 72 8 6 116 43 74 69 19 114 4 94 15 107 101 11 24 68 87 96 111 21 62 108 59 65 91 23 61 123 54 121 33 109 36 57 98 41 93 42 25 90 14 27 124 64 18 22 63 82 70 103 26 31 38 16 28 60 51 66 34 47 92 85 75 67 117 30 45 48 58 39 9 73 
118 86 13 20 78 112 1 46 56 95 110 119 17 80 12 44 99 50 115 7 77 35 113 83 81 106 71 5 125 122 29 55 52 97 49 100 2 107 37 105 120 32 102 53 84 3 76 79 104 40 89 10 72 8 6 116 43 74 69 19 114 4 94 15 88 101 11 24 68 87 96 111 21 62 108 59 65 91 23 61 123 54 121 33 109 36 57 98 41 93 42 25 90 14 27 124 64 18 22 63 82 70 103 26 31 38 16 28 60 51 66 34 47 92 85 75 67 117 30 45 48 58 39 9 73 
118 86 13 20 78 112 1 46 56 95 110 119 17 80 12 44 99 50 115 7 77 35 113 83 81 106 71 5 125 76 29 55 52 97 49 100 2 107 37 105 120 32 102 53 84 3 122 79 104 40 89 10 72 8 6 116 43 74 69 19 114 4 94 15 88 101 11 24 68 87 96 111 21 62 108 59 65 91 23 61 123 54 121 33 109 36 57 98 41 93 42 25 90 14 27 124 64 18 22 63 82 70 103 26 31 38 16 28 60 51 66 34 47 92 85 75 67 117 30 45 48 58 39 9 73 
118 86 13 20 78 112 1 46 56 95 110 119 17 80 12 44 99 50 115 7 77 35 113 83 81 106 71 5 125 76 29 55 52 97 49 100 2 107 37 105 120 32 102 53 84 3 122 79 104 40 89 10 72 8 6 116 43 68 69 19 114 4 94 15 88 101 11 24 74 87 96 111 21 62 108 59 65 91 23 61 123 54 121 33 109 36 57 98 41 93 42 25 90 14 27 124 64 18 22 63 82 70 103 26 31 38 16 28 60 51 66 34 47 92 85 75 67 117 30 45 48 58 39 9 73 
118 86 13 20 78 112 1 46 56 95 110 119 17 80 12 44 99 50 115 7 77 35 113 83 81 106 71 5 125 76 29 55 52 97 49 100 2 107 37 105 120 32 102 53 84 3 122 79 104 40 89 10 72 8 6 116 43 68 69 19 114 4 94 15 88 101 11 24 74 87 96 111 21 62 108 59 65 91 23 61 123 54 121 33 109 36 57 117 41 93 42 25 90 14 27 124 64 18 22 63 82 70 103 26 31 38 16 28 60 51 66 34 47 92 85 75 67 98 30 45 48 58 39 9 73 
118 86 13 20 78 112 1 46 56 95 110 119 17 80 12 44 99 50 115 7 77 35 113 83 81 106 71 5 125 76 29 55 52 97 49 100 2 107 37 105 120 32 102 53 84 3 122 124 104 40 89 10 72 8 6 116 43 68 69 19 114 4 94 15 88 101 11 24 74 87 96 111 21 62 108 59 65 91 23 61 123 54 121 33 109 36 57 117 41 93 42 25 90 14 27 79 64 18 22 63 82 70 103 26 31 38 16 28 60 51 66 34 47 92 85 75 67 98 30 45 48 58 39 9 73 
118 86 13 20 78 108 1 46 56 95 110 119 17 80 12 44 99 50 115 7 77 35 113 83 81 106 71 5 125 76 29 55 52 97 49 100 2 107 37 105 120 32 102 53 84 3 122 124 104 40 89 10 72 8 6 116 43 68 69 19 114 4 94 15 88 101 11 24 74 87 96 111 21 62 112 59 65 91 23 61 123 54 121 33 109 36 57 117 41 93 42 25 90 14 27 79 64 18 22 63 82 70 103 26 31 38 16 28 60 51 66 34 47 92 85 75 67 98 30 45 48 58 39 9 73 
118 86 13 20 78 108 37 46 56 95 110 119 17 80 12 44 99 50 115 7 77 35 113 83 81 106 71 5 125 76 29 55 52 97 49 100 2 107 1 105 120 32 102 53 84 3 122 124 104 40 89 10 72 8 6 116 43 68 69 19 114 4 94 15 88 101 11 24 74 87 96 111 21 62 112 59 65 91 23 61 123 54 121 33 109 36 57 117 41 93 42 25 90 14 27 79 64 18 22 63 82 70 103 26 31 38 16 28 60 51 66 34 47 92 85 75 67 98 30 45 48 58 39 9 73 
118 86 13 20 78 108 10 46 56 95 110 119 17 80 12 44 99 50 115 7 77 35 113 83 81 106 71 5 125 76 29 55 52 97 49 100 2 107 1 105 120 32 102 53 84 3 122 124 104 40 89 37 72 8 6 116 43 68 69 19 114 4 94 15 88 101 11 24 74 87 96 111 21 62 112 59 65 91 23 61 123 54 121 33 109 36 57 117 41 93 42 25 90 14 27 79 64 18 22 63 82 70 103 26 31 38 16 28 60 51 66 34 47 92 85 75 67 98 30 45 48 58 39 9 73 
118 86 13 20 78 108 10 46 56 95 87 119 17 80 12 44 99 50 115 7 77 35 113 83 81 106 71 5 125 76 29 55 52 97 49 100 2 107 1 105 120 32 102 53 84 3 122 124 104 40 89 37 72 8 6 116 43 68 69 19 114 4 94 15 88 101 11 24 74 110 96 111 21 62 112 59 65 91 23 61 123 54 121 33 109 36 57 117 41 93 42 25 90 14 27 79 64 18 22 63 82 70 103 26 31 38 16 28 60 51 66 34 47 92 85 75 67 98 30 45 48 58 39 9 73 
118 86 13 20 78 108 10 46 56 95 87 119 17 80 12 44 99 50 115 7 77 59 113 83 81 106 71 5 125 76 29 55 52 97 49 100 2 107 1 105 120 32 102 53 84 3 122 124 104 40 89 37 72 8 6 116 43 68 69 19 114 4 94 15 88 101 11 24 74 110 96 111 21 62 112 35 65 91 23 61 123 54 121 33 109 36 57 117 41 93 42 25 90 14 27 79 64 18 22 63 82 70 103 26 31 38 16 28 60 51 66 34 47 92 85 75 67 98 30 45 48 58 39 9 73 
118 86 13 20 78 108 10 46 56 95 87 119 17 80 12 44 99 50 115 7 77 59 113 16 81 106 71 5 125 76 29 55 52 97 49 100 2 107 1 105 120 32 102 53 84 3 122 124 104 40 89 37 72 8 6 116 43 68 69 19 114 4 94 15 88 101 11 24 74 110 96 111 21 62 112 35 65 91 23 61 123 54 121 33 109 36 57 117 41 93 42 25 90 14 27 79 64 18 22 63 82 70 103 26 31 38 83 28 60 51 66 34 47 92 85 75 67 98 30 45 48 58 39 9 73 
118 86 13 20 78 108 10 46 56 95 87 119 17 80 12 44 99 50 115 7 77 59 113 16 81 63 71 5 125 76 29 55 52 97 49 100 2 107 1 105 120 32 102 53 84 3 122 124 104 40 89 37 72 8 6 116 43 68 69 19 114 4 94 15 88 101 11 24 74 110 96 111 21 62 112 35 65 91 23 61 123 54 121 33 109 36 57 117 41 93 42 25 90 14 27 79 64 18 22 106 82 70 103 26 31 38 83 28 60 51 66 34 47 92 85 75 67 98 30 45 48 58 39 9 73 
118 86 13 20 78 108 10 46 56 95 87 119 17 80 12 44 99 50 115 7 77 59 113 16 81 63 71 54 125 76 29 55 52 97 49 100 2 107 1 105 120 32 102 53 84 3 122 124 104 40 89 37 72 8 6 116 43 68 69 19 114 4 94 15 88 101 11 24 74 110 96 111 21 62 112 35 65 91 23 61 123 5 121 33 109 36 57 117 41 93 42 25 90 14 27 79 64 18 22 106 82 70 103 26 31 38 83 28 60 51 66 34 47 92 85 75 67 98 30 45 48 58 39 9 73 
118 86 13 20 78 108 10 46 56 95 87 119 17 80 12 44 99 50 115 7 77 59 113 16 81 63 71 48 125 76 29 55 52 97 49 100 2 107 1 105 120 32 102 53 84 3 122 124 104 40 89 37 72 8 6 116 43 68 69 19 114 4 94 15 88 101 11 24 74 110 96 111 21 62 112 35 65 91 23 61 123 5 121 33 109 36 57 117 41 93 42 25 90 14 27 79 64 18 22 106 82 70 103 26 31 38 83 28 60 51 66 34 47 92 85 75 67 98 30 45 54 58 39 9 73 
118 86 13 20 78 108 10 46 56 95 87 119 17 80 12 44 99 50 115 7 77 59 113 16 81 63 71 48 57 76 29 55 52 97 49 100 2 107 1 105 120 32 102 53 84 3 122 124 104 40 89 37 72 8 6 116 43 68 69 19 114 4 94 15 88 101 11 24 74 110 96 111 21 62 112 35 65 91 23 61 123 5 121 33 109 36 125 117 41 93 42 25 90 14 27 79 64 18 22 106 82 70 103 26 31 38 83 28 60 51 66 34 47 92 85 75 67 98 30 45 54 58 39 9 73 
118 86 13 20 78 108 10 46 56 95 87 119 17 80 12 44 99 50 115 7 77 59 113 16 81 63 71 48 57 76 29 55 52 97 49 100 2 107 1 105 120 32 96 53 84 3 122 124 104 40 89 37 72 8 6 116 43 68 69 19 114 4 94 15 88 101 11 24 74 110 102 111 21 62 112 35 65 91 23 61 123 5 121 33 109 36 125 117 41 93 42 25 90 14 27 79 64 18 22 106 82 70 103 26 31 38 83 28 60 51 66 34 47 92 85 75 67 98 30 45 54 58 39 9 73 
118 86 13 20 78 108 10 46 56 95 87 119 17 80 12 44 99 7 115 50 77 59 113 16 81 63 71 48 57 76 29 55 52 97 49 100 2 107 1 105 120 32 96 53 84 3 122 124 104 40 89 37 72 8 6 116 43 68 69 19 114 4 94 15 88 101 11 24 74 110 102 111 21 62 112 35 65 91 23 61 123 5 121 33 109 36 125 117 41 93 42 25 90 14 27 79 64 18 22 106 82 70 103 26 31 38 83 28 60 51 66 34 47 92 85 75 67 98 30 45 54 58 39 9 73 
118 86 13 20 78 108 10 46 56 95 87 119 17 80 12 44 99 7 115 50 77 59 113 16 81 63 71 48 57 76 29 55 52 97 49 100 2 107 1 105 120 32 96 53 6 3 122 124 104 40 89 37 72 8 84 116 43 68 69 19 114 4 94 15 88 101 11 24 74 110 102 111 21 62 112 35 65 91 23 61 123 5 121 33 109 36 125 117 41 93 42 25 90 14 27 79 64 18 22 106 82 70 103 26 31 38 83 28 60 51 66 34 47 92 85 75 67 98 30 45 54 58 39 9 73 
118 86 13 20 78 108 10 46 56 95 87 119 17 80 12 44 99 7 115 50 77 59 113 16 81 63 71 48 57 76 29 55 52 97 49 100 2 107 1 105 120 32 96 53 6 3 122 124 26 40 89 37 72 8 84 116 43 68 69 19 114 4 94 15 88 101 11 24 74 110 102 111 21 62 112 35 65 91 23 61 123 5 121 33 109 36 125 117 41 93 42 25 90 14 27 79 64 18 22 106 82 70 103 104 31 38 83 28 60 51 66 34 47 92 85 75 67 98 30 45 54 58 39 9 73 
118 86 13 20 78 108 10 46 56 95 87 119 17 80 12 44 99 7 115 50 77 59 113 110 81 63 71 48 57 76 29 55 52 97 49 100 2 107 1 105 120 32 96 53 6 3 122 124 26 40 89 37 72 8 84 116 43 68 69 19 114 4 94 15 88 101 11 24 74 16 102 111 21 62 112 35 65 91 23 61 123 5 121 33 109 36 125 117 41 93 42 25 90 14 27 79 64 18 22 106 82 70 103 104 31 38 83 28 60 51 66 34 47 92 85 75 67 98 30 45 54 58 39 9 73 
118 86 13 20 78 108 10 46 56 95 87 119 17 80 12 44 99 7 115 50 77 59 113 110 81 63 71 48 57 76 29 55 52 97 49 100 2 107 1 105 120 32 96 53 6 3 122 124 26 40 89 62 72 8 84 116 43 68 69 19 114 4 94 15 88 101 11 24 74 16 102 111 21 37 112 35 65 91 23 61 123 5 121 33 109 36 125 117 41 93 42 25 90 14 27 79 64 18 22 106 82 70 103 104 31 38 83 28 60 51 66 34 47 92 85 75 67 98 30 45 54 58 39 9 73 
118 86 13 20 78 108 10 46 56 95 87 119 17 80 12 44 99 7 115 50 77 59 113 110 81 63 71 48 57 76 29 55 52 97 49 100 2 107 1 105 120 32 96 53 6 3 122 124 65 40 89 62 72 8 84 116 43 68 69 19 114 4 94 15 88 101 11 24 74 16 102 111 21 37 112 35 26 91 23 61 123 5 121 33 109 36 125 117 41 93 42 25 90 14 27 79 64 18 22 106 82 70 103 104 31 38 83 28 60 51 66 34 47 92 85 75 67 98 30 45 54 58 39 9 73 
118 86 13 20 78 108 10 46 56 95 87 119 17 80 12 44 99 7 115 50 77 59 113 110 81 63 71 48 57 76 29 55 52 97 49 100 2 107 1 105 120 32 96 53 6 3 122 124 34 40 89 62 72 8 84 116 43 68 69 19 114 4 94 15 88 101 11 24 74 16 102 111 21 37 112 35 26 91 23 61 123 5 121 33 109 36 125 117 41 93 42 25 90 14 27 79 64 18 22 106 82 70 103 104 31 38 83 28 60 51 66 65 47 92 85 75 67 98 30 45 54 58 39 9 73 
118 86 13 20 78 108 10 46 56 95 87 119 17 80 12 44 99 7 115 50 77 59 113 110 81 63 71 48 57 76 29 55 52 97 49 100 2 107 1 105 120 40 96 53 6 3 122 124 34 32 89 62 72 8 84 116 43 68 69 19 114 4 94 15 88 101 11 24 74 16 102 111 21 37 112 35 26 91 23 61 123 5 121 33 109 36 125 117 41 93 42 25 90 14 27 79 64 18 22 106 82 70 103 104 31 38 83 28 60 51 66 65 47 92 85 75 67 98 30 45 54 58 39 9 73 
118 86 13 20 78 108 10 46 56 95 87 119 17 80 12 44 99 7 115 50 77 59 113 110 81 63 71 48 57 76 29 55 52 97 49 100 2 107 1 105 120 40 96 53 6 3 122 124 34 32 89 62 72 8 84 116 43 68 69 19 114 4 94 15 88 101 11 24 74 16 102 111 21 37 92 35 26 91 23 61 123 5 121 33 109 36 125 117 41 93 42 25 90 14 27 79 64 18 22 106 82 70 103 104 31 38 83 28 60 51 66 65 47 112 85 75 67 98 30 45 54 58 39 9 73 
118 86 13 20 78 108 10 46 56 95 87 119 17 80 12 44 99 7 115 50 77 59 113 110 81 63 71 48 57 76 29 55 52 97 49 100 2 107 1 105 120 40 96 53 6 3 122 124 34 32 89 62 72 8 84 116 43 68 69 19 114 4 94 15 88 101 11 24 74 16 102 111 21 106 92 35 26 91 23 61 123 5 121 33 109 36 125 117 41 93 42 25 90 14 27 79 64 18 22 37 82 70 103 104 31 38 83 28 60 51 66 65 47 112 85 75 67 98 30 45 54 58 39 9 73 
118 86 13 20 78 108 10 46 56 95 87 119 17 80 12 44 99 7 115 50 77 59 18 110 81 63 71 48 57 76 29 55 52 97 49 100 2 107 1 105 120 40 96 53 6 3 122 124 34 32 89 62 72 8 84 116 43 68 69 19 114 4 94 15 88 101 11 24 74 16 102 111 21 106 92 35 26 91 23 61 123 5 121 33 109 36 125 117 41 93 42 25 90 14 27 79 64 113 22 37 82 70 103 104 31 38 83 28 60 51 66 65 47 112 85 75 67 98 30 45 54 58 39 9 73 
118 86 13 20 78 108 10 46 56 95 87 119 17 80 12 44 99 7 115 50 77 59 18 110 81 63 71 48 57 76 29 55 52 97 49 100 2 107 1 105 120 40 96 53 6 3 122 124 34 32 89 62 72 8 84 116 43 68 69 19 114 4 94 15 88 101 11 24 74 16 102 111 21 106 92 35 26 85 23 61 123 5 121 33 109 36 125 117 41 93 42 25 90 14 27 79 64 113 22 37 82 70 103 104 31 38 83 28 60 51 66 65 47 112 91 75 67 98 30 45 54 58 39 9 73 
45 6 15 94 28 1 74 26 69 21 41 101 65 83 78 34 11 53 79 55 114 30 52 17 104 36 46 123 22 43 38 8 10 103 70 116 118 107 49 25 88 97 80 63 12 20 122 75 24 77 59 106 71 112 96 31 73 2 121 84 62 35 32 48 13 72 92 81 57 120 66 40 5 3 124 60 108 51 58 33 42 47 56 19 86 125 50 16 91 44 100 93 98 99 110 27 89 67 64 87 29 61 90 4 39 115 105 23 111 119 117 14 95 76 9 82 113 54 85 102 18 68 37 109 7 
45 6 15 67 28 1 74 26 69 21 41 101 65 83 78 34 11 53 79 55 114 30 52 17 104 36 46 123 22 43 38 8 10 103 70 116 118 107 49 25 88 97 80 63 12 20 122 75 24 77 59 106 71 112 96 31 73 2 121 84 62 35 32 48 13 72 92 81 57 120 66 40 5 3 124 60 108 51 58 33 42 47 56 19 86 125 50 16 91 44 100 93 98 99 110 27 89 94 64 87 29 61 90 4 39 115 105 23 111 119 117 14 95 76 9 82 113 54 85 102 18 68 37 109 7 
45 6 15 67 28 1 22 26 69 21 41 101 65 83 78 34 11 53 79 55 114 30 52 17 104 36 46 123 74 43 38 8 10 103 70 116 118 107 49 25 88 97 80 63 12 20 122 75 24 77 59 106 71 112 96 31 73 2 121 84 62 35 32 48 13 72 92 81 57 120 66 40 5 3 124 60 108 51 58 33 42 47 56 19 86 125 50 16 91 44 100 93 98 99 110 27 89 94 64 87 29 61 90 4 39 115 105 23 111 119 117 14 95 76 9 82 113 54 85 102 18 68 37 109 7 
45 6 15 67 28 1 22 26 69 21 41 101 65 83 78 34 11 53 79 55 114 30 52 17 104 36 46 123 74 43 38 8 10 103 70 116 118 107 49 25 88 72 80 63 12 20 122 75 24 77 59 106 71 112 96 31 73 2 121 84 62 35 32 48 13 97 92 81 57 120 66 40 5 3 124 60 108 51 58 33 42 47 56 19 86 125 50 16 91 44 100 93 98 99 110 27 89 94 64 87 29 61 90 4 39 115 105 23 111 119 117 14 95 76 9 82 113 54 85 102 18 68 37 109 7 
45 6 15 67 28 1 22 26 69 21 41 101 65 83 39 34 11 53 79 55 114 30 52 17 104 36 46 123 74 43 38 8 10 103 70 116 118 107 49 25 88 72 80 63 12 20 122 75 24 77 59 106 71 112 96 31 73 2 121 84 62 35 32 48 13 97 92 81 57 120 66 40 5 3 124 60 108 51 58 33 42 47 56 19 86 125 50 16 91 44 100 93 98 99 110 27 89 94 64 87 29 61 90 4 78 115 105 23 111 119 117 14 95 76 9 82 113 54 85 102 18 68 37 109 7 
45 6 15 67 28 1 22 26 69 21 41 101 65 83 39 34 11 53 79 55 114 30 52 17 104 36 46 123 74 43 38 8 10 103 70 116 118 107 49 25 88 72 80 63 12 20 122 75 24 77 59 106 71 112 96 31 73 2 121 84 62 35 32 48 13 97 92 81 57 120 66 40 5 3 124 60 113 51 58 33 42 47 56 19 86 125 50 16 91 44 100 93 98 99 110 27 89 94 64 87 29 61 90 4 78 115 105 23 111 119 117 14 95 76 9 82 108 54 85 102 18 68 37 109 7 
45 6 15 67 28 1 22 26 69 21 41 101 65 83 39 34 11 53 79 55 114 30 52 17 104 36 46 123 74 43 38 8 10 103 70 116 118 107 49 25 88 72 80 63 12 20 122 75 24 77 59 106 71 112 96 31 73 2 121 84 62 35 32 48 13 97 92 81 57 120 66 40 5 3 124 60 113 51 58 33 42 47 56 19 86 125 50 16 91 44 100 93 98 105 110 27 89 94 64 87 29 61 90 4 78 115 99 23 111 119 117 14 95 76 9 82 108 54 85 102 18 68 37 109 7 
45 2 15 67 28 1 22 26 69 21 41 101 65 83 39 34 11 53 79 55 114 30 52 17 104 36 46 123 74 43 38 8 10 103 70 116 118 107 49 25 88 72 80 63 12 20 122 75 24 77 59 106 71 112 96 31 73 6 121 84 62 35 32 48 13 97 92 81 57 120 66 40 5 3 124 60 113 51 58 33 42 47 56 19 86 125 50 16 91 44 100 93 98 105 110 27 89 94 64 87 29 61 90 4 78 115 99 23 111 119 117 14 95 76 9 82 108 54 85 102 18 68 37 109 7 
45 53 15 67 28 1 22 26 69 21 41 101 65 83 39 34 11 2 79 55 114 30 52 17 104 36 46 123 74 43 38 8 10 103 70 116 118 107 49 25 88 72 80 63 12 20 122 75 24 77 59 106 71 112 96 31 73 6 121 84 62 35 32 48 13 97 92 81 57 120 66 40 5 3 124 60 113 51 58 33 42 47 56 19 86 125 50 16 91 44 100 93 98 105 110 27 89 94 64 87 29 61 90 4 78 115 99 23 111 119 117 14 95 76 9 82 108 54 85 102 18 68 37 109 7 
45 36 15 67 28 1 22 26 69 21 41 101 65 83 39 34 11 2 79 55 114 30 52 17 104 53 46 123 74 43 38 8 10 103 70 116 118 107 49 25 88 72 80 63 12 20 122 75 24 77 59 106 71 112 96 31 73 6 121 84 62 35 32 48 13 97 92 81 57 120 66 40 5 3 124 60 113 51 58 33 42 47 56 19 86 125 50 16 91 44 100 93 98 105 110 27 89 94 64 87 29 61 90 4 78 115 99 23 111 119 117 14 95 76 9 82 108 54 85 102 18 68 37 109 7 
45 120 15 67 28 1 22 26 69 21 41 101 65 83 39 34 11 2 79 55 114 30 52 17 104 53 46 123 74 43 38 8 10 103 70 116 118 107 49 25 88 72 80 63 12 20 122 75 24 77 59 106 71 112 96 31 73 6 121 84 62 35 32 48 13 97 92 81 57 36 66 40 5 3 124 60 113 51 58 33 42 47 56 19 86 125 50 16 91 44 100 93 98 105 110 27 89 94 64 87 29 61 90 4 78 115 99 23 111 119 117 14 95 76 9 82 108 54 85 102 18 68 37 109 7 
45 111 15 67 28 1 22 26 69 21 41 101 65 83 39 34 11 2 79 55 114 30 52 17 104 53 46 123 74 43 38 8 10 103 70 116 118 107 49 25 88 72 80 63 12 20 122 75 24 77 59 106 71 112 96 31 73 6 121 84 62 35 32 48 13 97 92 81 57 36 66 40 5 3 124 60 113 51 58 33 42 47 56 19 86 125 50 16 91 44 100 93 98 105 110 27 89 94 64 87 29 61 90 4 78 115 99 23 120 119 117 14 95 76 9 82 108 54 85 102 18 68 37 109 7 
45 111 64 67 28 1 22 26 69 21 41 101 65 83 39 34 11 2 79 55 114 30 52 17 104 53 46 123 74 43 38 8 10 103 70 116 118 107 49 25 88 72 80 63 12 20 122 75 24 77 59 106 71 112 96 31 73 6 121 84 62 35 32 48 13 97 92 81 57 36 66 40 5 3 124 60 113 51 58 33 42 47 56 19 86 125 50 16 91 44 100 93 98 105 110 27 89 94 15 87 29 61 90 4 78 115 99 23 120 119 117 14 95 76 9 82 108 54 85 102 18 68 37 109 7 
45 111 64 67 28 1 22 26 69 21 41 101 65 83 39 34 11 2 79 55 114 30 52 17 104 53 46 123 74 43 38 8 10 103 70 116 118 107 49 25 88 72 80 63 12 20 122 75 24 77 59 106 71 112 96 31 73 6 121 84 62 35 32 48 13 97 92 81 5 36 66 40 57 3 124 60 113 51 58 33 42 47 56 19 86 125 50 16 91 44 100 93 98 105 110 27 89 94 15 87 29 61 90 4 78 115 99 23 120 119 117 14 95 76 9 82 108 54 85 102 18 68 37 109 7 
45 111 64 67 28 89 22 26 69 21 41 101 65 83 39 34 11 2 79 55 114 30 52 17 104 53 46 123 74 43 38 8 10 103 70 116 118 107 49 25 88 72 80 63 12 20 122 75 24 77 59 106 71 112 96 31 73 6 121 84 62 35 32 48 13 97 92 81 5 36 66 40 57 3 124 60 113 51 58 33 42 47 56 19 86 125 50 16 91 44 100 93 98 105 110 27 1 94 15 87 29 61 90 4 78 115 99 23 120 119 117 14 95 76 9 82 108 54 85 102 18 68 37 109 7 
45 111 64 67 28 89 22 34 69 21 41 101 65 83 39 26 11 2 79 55 114 30 52 17 104 53 46 123 74 43 38 8 10 103 70 116 118 107 49 25 88 72 80 63 12 20 122 75 24 77 59 106 71 112 96 31 73 6 121 84 62 35 32 48 13 97 92 81 5 36 66 40 57 3 124 60 113 51 58 33 42 47 56 19 86 125 50 16 91 44 100 93 98 105 110 27 1 94 15 87 29 61 90 4 78 115 99 23 120 119 117 14 95 76 9 82 108 54 85 102 18 68 37 109 7 
45 111 64 67 28 89 22 34 83 21 41 101 65 69 39 26 11 2 79 55 114 30 52 17 104 53 46 123 74 43 38 8 10 103 70 116 118 107 49 25 88 72 80 63 12 20 122 75 24 77 59 106 71 112 96 31 73 6 121 84 62 35 32 48 13 97 92 81 5 36 66 40 57 3 124 60 113 51 58 33 42 47 56 19 86 125 50 16 91 44 100 93 98 105 110 27 1 94 15 87 29 61 90 4 78 115 99 23 120 119 117 14 95 76 9 82 108 54 85 102 18 68 37 109 7 
45 111 64 67 28 89 22 100 83 21 41 101 65 69 39 26 11 2 79 55 114 30 52 17 104 53 46 123 74 43 38 8 10 103 70 116 118 107 49 25 88 72 80 63 12 20 122 75 24 77 59 106 71 112 96 31 73 6 121 84 62 35 32 48 13 97 92 81 5 36 66 40 57 3 124 60 113 51 58 33 42 47 56 19 86 125 50 16 91 44 34 93 98 105 110 27 1 94 15 87 29 61 90 4 78 115 99 23 120 119 117 14 95 76 9 82 108 54 85 102 18 68 37 109 7 
45 111 64 67 28 89 22 100 83 21 41 101 65 69 39 26 25 2 79 55 114 30 52 17 104 53 46 123 74 43 38 8 10 103 70 116 118 107 49 11 88 72 80 63 12 20 122 75 24 77 59 106 71 112 96 31 73 6 121 84 62 35 32 48 13 97 92 81 5 36 66 40 57 3 124 60 113 51 58 33 42 47 56 19 86 125 50 16 91 44 34 93 98 105 110 27 1 94 15 87 29 61 90 4 78 115 99 23 120 119 117 14 95 76 9 82 108 54 85 102 18 68 37 109 7 
45 111 64 67 28 89 22 100 83 21 41 101 65 69 39 26 25 2 79 55 114 48 52 17 104 53 46 123 74 43 38 8 10 103 70 116 118 107 49 11 88 72 80 63 12 20 122 75 24 77 59 106 71 112 96 31 73 6 121 84 62 35 32 30 13 97 92 81 5 36 66 40 57 3 124 60 113 51 58 33 42 47 56 19 86 125 50 16 91 44 34 93 98 105 110 27 1 94 15 87 29 61 90 4 78 115 99 23 120 119 117 14 95 76 9 82 108 54 85 102 18 68 37 109 7 
45 111 64 67 28 89 22 100 83 21 41 101 65 69 39 26 25 2 79 55 114 48 52 17 104 53 46 43 74 123 38 8 10 103 70 116 118 107 49 11 88 72 80 63 12 20 122 75 24 77 59 106 71 112 96 31 73 6 121 84 62 35 32 30 13 97 92 81 5 36 66 40 57 3 124 60 113 51 58 33 42 47 56 19 86 125 50 16 91 44 34 93 98 105 110 27 1 94 15 87 29 61 90 4 78 115 99 23 120 119 117 14 95 76 9 82 108 54 85 102 18 68 37 109 7 
45 111 64 67 28 89 22 100 83 21 41 101 65 69 39 26 25 2 79 55 114 48 52 17 104 53 46 43 74 13 38 8 10 103 70 116 118 107 49 11 88 72 80 63 12 20 122 75 24 77 59 106 71 112 96 31 73 6 121 84 62 35 32 30 123 97 92 81 5 36 66 40 57 3 124 60 113 51 58 33 42 47 56 19 86 125 50 16 91 44 34 93 98 105 110 27 1 94 15 87 29 61 90 4 78 115 99 23 120 119 117 14 95 76 9 82 108 54 85 102 18 68 37 109 7 
45 111 64 67 28 89 22 100 83 21 41 101 65 69 39 26 25 2 79 55 114 48 52 17 104 53 46 43 74 13 38 8 10 103 5 116 118 107 49 11 88 72 80 63 12 20 122 75 24 77 59 106 71 112 96 31 73 6 121 84 62 35 32 30 123 97 92 81 70 36 66 40 57 3 124 60 113 51 58 33 42 47 56 19 86 125 50 16 91 44 34 93 98 105 110 27 1 94 15 87 29 61 90 4 78 115 99 23 120 119 117 14 95 76 9 82 108 54 85 102 18 68 37 109 7 
45 111 64 67 28 89 22 100 83 21 41 101 65 69 39 26 25 2 79 55 114 48 52 17 104 53 46 43 74 13 38 8 10 103 5 116 27 107 49 11 88 72 80 63 12 20 122 75 24 77 59 106 71 112 96 31 73 6 121 84 62 35 32 30 123 97 92 81 70 36 66 40 57 3 124 60 113 51 58 33 42 47 56 19 86 125 50 16 91 44 34 93 98 105 110 118 1 94 15 87 29 61 90 4 78 115 99 23 120 119 117 14 95 76 9 82 108 54 85 102 18 68 37 109 7 
45 111 64 67 28 89 22 100 83 21 41 101 65 69 39 26 25 2 79 55 114 48 52 17 104 53 46 43 74 13 38 8 10 103 5 116 70 107 49 11 88 72 80 63 12 20 122 75 24 77 59 106 71 112 96 31 73 6 121 84 62 35 32 30 123 97 92 81 27 36 66 40 57 3 124 60 113 51 58 33 42 47 56 19 86 125 50 16 91 44 34 93 98 105 110 118 1 94 15 87 29 61 90 4 78 115 99 23 120 119 117 14 95 76 9 82 108 54 85 102 18 68 37 109 7 
45 111 64 67 28 89 22 100 83 21 41 101 65 69 39 26 25 2 79 55 114 48 52 17 104 53 46 43 74 13 38 8 10 103 5 116 82 107 49 11 88 72 80 63 12 20 122 75 24 77 59 106 71 112 96 31 73 6 121 84 62 35 32 30 123 97 92 81 27 36 66 40 57 3 124 60 113 51 58 33 42 47 56 19 86 125 50 16 91 44 34 93 98 105 110 118 1 94 15 87 29 61 90 4 78 115 99 23 120 119 117 14 95 76 9 70 108 54 85 102 18 68 37 109 7 
45 111 64 67 28 89 22 100 83 21 41 101 65 69 39 26 25 2 79 55 114 48 52 17 104 53 46 43 74 13 38 8 10 103 5 116 82 107 49 11 88 72 80 63 12 20 122 75 24 77 59 106 71 112 96 31 73 6 121 84 62 68 32 30 123 97 92 81 27 36 66 40 57 3 124 60 113 51 58 33 42 47 56 19 86 125 50 16 91 44 34 93 98 105 110 118 1 94 15 87 29 61 90 4 78 115 99 23 120 119 117 14 95 76 9 70 108 54 85 102 18 35 37 109 7 
45 111 64 67 28 89 22 100 83 21 41 101 65 69 39 26 25 2 79 55 114 117 52 17 104 53 46 43 74 13 38 8 10 103 5 116 82 107 49 11 88 72 80 63 12 20 122 75 24 77 59 106 71 112 96 31 73 6 121 84 62 68 32 30 123 97 92 81 27 36 66 40 57 3 124 60 113 51 58 33 42 47 56 19 86 125 50 16 91 44 34 93 98 105 110 118 1 94 15 87 29 61 90 4 78 115 99 23 120 119 48 14 95 76 9 70 108 54 85 102 18 35 37 109 7 
45 111 64 67 28 89 22 100 83 21 41 101 65 69 39 26 25 2 79 55 114 117 52 17 104 53 46 43 74 13 38 8 10 103 5 116 82 107 49 61 88 72 80 63 12 20 122 75 24 77 59 106 71 112 96 31 73 6 121 84 62 68 32 30 123 97 92 81 27 36 66 40 57 3 124 60 113 51 58 33 42 47 56 19 86 125 50 16 91 44 34 93 98 105 110 118 1 94 15 87 29 11 90 4 78 115 99 23 120 119 48 14 95 76 9 70 108 54 85 102 18 35 37 109 7 
45 111 64 67 28 89 22 100 83 21 41 101 65 69 39 26 25 2 79 55 114 117 52 17 104 53 46 43 74 13 38 8 10 103 5 116 82 107 49 125 88 72 80 63 12 20 122 75 24 77 59 106 71 112 96 31 73 6 121 84 62 68 32 30 123 97 92 81 27 36 66 40 57 3 124 60 113 51 58 33 42 47 56 19 86 61 50 16 91 44 34 93 98 105 110 118 1 94 15 87 29 11 90 4 78 115 99 23 120 119 48 14 95 76 9 70 108 54 85 102 18 35 37 109 7 
45 111 64 67 28 89 22 100 83 21 41 101 65 69 39 26 25 2 79 55 114 117 52 17 104 53 46 43 74 13 38 8 10 103 5 116 82 107 49 125 88 72 80 63 12 20 122 75 24 77 59 90 71 112 96 31 73 6 121 84 62 68 32 30 123 97 92 81 27 36 66 40 57 3 124 60 113 51 58 33 42 47 56 19 86 61 50 16 91 44 34 93 98 105 110 118 1 94 15 87 29 11 106 4 78 115 99 23 120 119 48 14 95 76 9 70 108 54 85 102 18 35 37 109 7 
45 111 64 67 28 89 22 100 83 21 41 101 65 69 39 26 25 2 79 55 114 117 52 17 104 53 46 43 74 13 38 8 10 103 5 116 82 107 49 125 88 72 80 63 12 20 122 75 24 77 59 90 71 112 96 31 73 6 121 84 62 68 32 30 123 97 44 81 27 36 66 40 57 3 124 60 113 51 58 33 42 47 56 19 86 61 50 16 91 92 34 93 98 105 110 118 1 94 15 87 29 11 106 4 78 115 99 23 120 119 48 14 95 76 9 70 108 54 85 102 18 35 37 109 7 
45 111 64 67 28 89 22 100 83 21 41 101 65 69 39 26 25 2 79 55 114 117 52 17 104 53 46 43 74 13 38 8 10 103 5 116 82 107 49 125 88 72 80 63 12 20 122 75 24 77 59 90 71 112 96 31 73 6 121 84 62 68 32 30 123 97 44 81 27 36 66 40 57 3 124 60 113 51 58 33 42 47 56 19 86 61 50 16 91 92 34 93 98 105 110 118 1 94 15 87 29 11 106 108 78 115 99 23 120 119 48 14 95 76 9 70 4 54 85 102 18 35 37 109 7 
